0.5
0.497506
0.495025
0.492556
0.490099
0.487655
0.485223
0.482803
0.480395
0.477999
0.475615
0.473243
0.470882
0.468534
0.466197
0.463872
0.461558
0.459256
0.456966
0.454686
0.452419
0.450162
0.447917
0.445683
0.44346
0.441248
0.439048
0.436858
0.434679
0.432511
0.430354
0.428208
0.426072
0.423947
0.421832
0.419729
0.417635
0.415552
0.41348
0.411417
0.409365
0.407324
0.405292
0.403271
0.401259
0.399258
0.397267
0.395285
0.393314
0.391352
0.3894
0.387458
0.385526
0.383603
0.38169
0.379786
0.377892
0.376007
0.374132
0.372266
0.370409
0.368562
0.366723
0.364894
0.363075
0.361264
0.359462
0.357669
0.355885
0.35411
0.352344
0.350587
0.348838
0.347098
0.345367
0.343645
0.341931
0.340225
0.338528
0.33684
0.33516
0.333488
0.331825
0.33017
0.328523
0.326885
0.325255
0.323632
0.322018
0.320412
0.318814
0.317224
0.315642
0.314068
0.312501
0.310943
0.309392
0.307849
0.306313
0.304785
0.303265
0.301753
0.300248
0.29875
0.29726
0.295778
0.294302
0.292835
0.291374
0.289921
0.288475
0.287036
0.285605
0.28418
0.282763
0.281352
0.279949
0.278553
0.277164
0.275781
0.274406
0.273037
0.271675
0.27032
0.268972
0.267631
0.266296
0.264968
0.263646
0.262331
0.261023
0.259721
0.258426
0.257137
0.255854
0.254578
0.253309
0.252045
0.250788
0.249537
0.248293
0.247054
0.245822
0.244596
0.243376
0.242162
0.240955
0.239753
0.238557
0.237367
0.236183
0.235005
0.233833
0.232667
0.231507
0.230352
0.229203
0.22806
0.226922
0.225791
0.224664
0.223544
0.222429
0.22132
0.220216
0.219117
0.218025
0.216937
0.215855
0.214779
0.213707
0.212642
0.211581
0.210526
0.209476
0.208431
0.207391
0.206357
0.205328
0.204304
0.203285
0.202271
0.201262
0.200258
0.19926
0.198266
0.197277
0.196293
0.195314
0.19434
0.193371
0.192406
0.191446
0.190492
0.189542
0.188596
0.187656
0.18672
0.185788
0.184862
0.18394
0.183022
0.182109
0.181201
0.180297
0.179398
0.178503
0.177613
0.176727
0.175846
0.174969
0.174096
0.173228
0.172364
0.171504
0.170649
0.169798
0.168951
0.168108
0.16727
0.166436
0.165605
0.164779
0.163958
0.16314
0.162326
0.161517
0.160711
0.15991
0.159112
0.158318
0.157529
0.156743
0.155961
0.155183
0.154409
0.153639
0.152873
0.152111
0.151352
0.150597
0.149846
0.149099
0.148355
0.147615
0.146879
0.146146
0.145417
0.144692
0.14397
0.143252
0.142538
0.141827
0.14112
0.140416
0.139715
0.139019
0.138325
0.137635
0.136949
0.136266
0.135586
0.13491
0.134237
0.133568
0.132901
0.132239
0.131579
0.130923
0.13027
0.12962
0.128974
0.12833
0.12769
0.127053
0.12642
0.125789
0.125162
0.124538
0.123917
0.123298
0.122684
0.122072
0.121463
0.120857
0.120254
0.119654
0.119058
0.118464
0.117873
0.117285
0.1167
0.116118
0.115539
0.114963
0.114389
0.113819
0.113251
0.112686
0.112124
0.111565
0.111009
0.110455
0.109904
0.109356
0.108811
0.108268
0.107728
0.107191
0.106656
0.106124
0.105595
0.105068
0.104544
0.104023
0.103504
0.102988
0.102474
0.101963
0.101454
0.100948
0.100445
0.0999438
0.0994453
0.0989494
0.0984558
0.0979648
0.0974762
0.09699
0.0965063
0.096025
0.095546
0.0950695
0.0945953
0.0941235
0.0936541
0.093187
0.0927222
0.0922598
0.0917996
0.0913418
0.0908862
0.0904329
0.0899819
0.0895331
0.0890865
0.0886422
0.0882001
0.0877602
0.0873225
0.086887
0.0864536
0.0860224
0.0855934
0.0851665
0.0847417
0.0843191
0.0838985
0.0834801
0.0830637
0.0826495
0.0822372
0.0818271
0.081419
0.0810129
0.0806088
0.0802068
0.0798068
0.0794087
0.0790127
0.0786186
0.0782265
0.0778363
0.0774481
0.0770618
0.0766775
0.0762951
0.0759145
0.0755359
0.0751592
0.0747843
0.0744113
0.0740402
0.0736709
0.0733035
0.0729379
0.0725741
0.0722121
0.071852
0.0714936
0.071137
0.0707823
0.0704292
0.070078
0.0697284
0.0693807
0.0690346
0.0686903
0.0683477
0.0680068
0.0676676
0.0673302
0.0669943
0.0666602
0.0663277
0.0659969
0.0656678
0.0653403
0.0650144
0.0646901
0.0643675
0.0640464
0.063727
0.0634091
0.0630929
0.0627782
0.0624651
0.0621536
0.0618436
0.0615351
0.0612282
0.0609228
0.060619
0.0603167
0.0600158
0.0597165
0.0594187
0.0591223
0.0588274
0.058534
0.0582421
0.0579516
0.0576626
0.057375
0.0570888
0.0568041
0.0565208
0.0562389
0.0559584
0.0556793
0.0554016
0.0551253
0.0548503
0.0545768
0.0543046
0.0540337
0.0537642
0.0534961
0.0532293
0.0529638
0.0526996
0.0524368
0.0521753
0.051915
0.0516561
0.0513985
0.0511421
0.0508871
0.0506332
0.0503807
0.0501294
0.0498794
0.0496306
0.0493831
0.0491368
0.0488917
0.0486479
0.0484053
0.0481638
0.0479236
0.0476846
0.0474468
0.0472101
0.0469747
0.0467404
0.0465073
0.0462753
0.0460445
0.0458149
0.0455864
0.045359
0.0451328
0.0449077
0.0446837
0.0444608
0.0442391
0.0440184
0.0437989
0.0435804
0.0433631
0.0431468
0.0429316
0.0427175
0.0425044
0.0422924
0.0420815
0.0418716
0.0416628
0.041455
0.0412483
0.0410425
0.0408378
0.0406341
0.0404315
0.0402298
0.0400292
0.0398295
0.0396309
0.0394332
0.0392366
0.0390409
0.0388461
0.0386524
0.0384596
0.0382678
0.0380769
0.037887
0.0376981
0.03751
0.037323
0.0371368
0.0369516
0.0367673
0.0365839
0.0364015
0.0362199
0.0360393
0.0358595
0.0356807
0.0355027
0.0353256
0.0351494
0.0349741
0.0347997
0.0346261
0.0344534
0.0342816
0.0341106
0.0339405
0.0337712
0.0336028
0.0334352
0.0332684
0.0331025
0.0329374
0.0327731
0.0326097
0.032447
0.0322852
0.0321242
0.031964
0.0318045
0.0316459
0.0314881
0.031331
0.0311748
0.0310193
0.0308646
0.0307106
0.0305575
0.0304051
0.0302534
0.0301025
0.0299524
0.029803
0.0296544
0.0295065
0.0293593
0.0292129
0.0290672
0.0289222
0.028778
0.0286344
0.0284916
0.0283495
0.0282081
0.0280674
0.0279274
0.0277882
0.0276496
0.0275117
0.0273744
0.0272379
0.0271021
0.0269669
0.0268324
0.0266986
0.0265654
0.0264329
0.0263011
0.0261699
0.0260394
0.0259095
0.0257803
0.0256517
0.0255238
0.0253965
0.0252698
0.0251438
0.0250184
0.0248936
0.0247694
0.0246459
0.024523
0.0244007
0.024279
0.0241579
0.0240374
0.0239175
0.0237982
0.0236795
0.0235614
0.0234439
0.023327
0.0232106
0.0230949
0.0229797
0.0228651
0.022751
0.0226376
0.0225247
0.0224123
0.0223005
0.0221893
0.0220787
0.0219685
0.021859
0.0217499
0.0216415
0.0215335
0.0214261
0.0213193
0.0212129
0.0211071
0.0210019
0.0208971
0.0207929
0.0206892
0.020586
0.0204833
0.0203812
0.0202795
0.0201784
0.0200777
0.0199776
0.019878
0.0197788
0.0196802
0.019582
0.0194844
0.0193872
0.0192905
0.0191943
0.0190986
0.0190033
0.0189085
0.0188142
0.0187204
0.018627
0.0185341
0.0184417
0.0183497
0.0182582
0.0181671
0.0180765
0.0179864
0.0178967
0.0178074
0.0177186
0.0176302
0.0175423
0.0174548
0.0173677
0.0172811
0.0171949
0.0171092
0.0170238
0.0169389
0.0168545
0.0167704
0.0166867
0.0166035
0.0165207
0.0164383
0.0163563
0.0162748
0.0161936
0.0161128
0.0160325
0.0159525
0.0158729
0.0157938
0.015715
0.0156366
0.0155586
0.015481
0.0154038
0.015327
0.0152506
0.0151745
0.0150988
0.0150235
0.0149486
0.014874
0.0147999
0.014726
0.0146526
0.0145795
0.0145068
0.0144345
0.0143625
0.0142908
0.0142196
0.0141486
0.0140781
0.0140079
0.013938
0.0138685
0.0137993
0.0137305
0.013662
0.0135939
0.0135261
0.0134586
0.0133915
0.0133247
0.0132583
0.0131921
0.0131263
0.0130609
0.0129957
0.0129309
0.0128664
0.0128023
0.0127384
0.0126749
0.0126117
0.0125488
0.0124862
0.0124239
0.012362
0.0123003
0.012239
0.0121779
0.0121172
0.0120568
0.0119966
0.0119368
0.0118773
0.011818
0.0117591
0.0117004
0.0116421
0.011584
0.0115263
0.0114688
0.0114116
0.0113547
0.011298
0.0112417
0.0111856
0.0111298
0.0110743
0.0110191
0.0109641
0.0109095
0.0108551
0.0108009
0.0107471
0.0106935
0.0106401
0.0105871
0.0105343
0.0104817
0.0104294
0.0103774
0.0103257
0.0102742
0.0102229
0.010172
0.0101212
0.0100708
0.0100205
0.00997056
0.00992084
0.00987136
0.00982213
0.00977315
0.00972441
0.00967591
0.00962766
0.00957964
0.00953187
0.00948433
0.00943703
0.00938997
0.00934314
0.00929655
0.00925018
0.00920405
0.00915815
0.00911248
0.00906704
0.00902182
0.00897683
0.00893206
0.00888752
0.00884319
0.00879909
0.00875521
0.00871155
0.00866811
0.00862488
0.00858187
0.00853907
0.00849649
0.00845412
0.00841196
0.00837001
0.00832827
0.00828674
0.00824541
0.00820429
0.00816338
0.00812267
0.00808216
0.00804186
0.00800176
0.00796185
0.00792215
0.00788264
0.00784333
0.00780422
0.0077653
0.00772658
0.00768805
0.00764971
0.00761156
0.00757361
0.00753584
0.00749826
0.00746087
0.00742366
0.00738665
0.00734981
0.00731316
0.00727669
0.00724041
0.0072043
0.00716838
0.00713263
0.00709706
0.00706168
0.00702646
0.00699143
0.00695656
0.00692188
0.00688736
0.00685302
0.00681884
0.00678484
0.00675101
0.00671735
0.00668385
0.00665053
0.00661736
0.00658437
0.00655154
0.00651887
0.00648636
0.00645402
0.00642184
0.00638982
0.00635796
0.00632626
0.00629471
0.00626333
0.0062321
0.00620102
0.0061701
0.00613934
0.00610873
0.00607827
0.00604797
0.00601781
0.00598781
0.00595795
0.00592825
0.00589869
0.00586928
0.00584002
0.0058109
0.00578192
0.0057531
0.00572442
0.00569587
0.00566748
0.00563922
0.00561111
0.00558313
0.00555529
0.0055276
0.00550004
0.00547262
0.00544534
0.00541819
0.00539118
0.0053643
0.00533756
0.00531095
0.00528447
0.00525813
0.00523191
0.00520583
0.00517988
0.00515406
0.00512836
0.0051028
0.00507736
0.00505205
0.00502686
0.0050018
0.00497687
0.00495206
0.00492738
0.00490281
0.00487837
0.00485406
0.00482986
0.00480579
0.00478183
0.004758
0.00473428
0.00471068
0.0046872
0.00466384
0.00464059
0.00461746
0.00459445
0.00457155
0.00454876
0.00452609
0.00450353
0.00448109
0.00445875
0.00443653
0.00441442
0.00439242
0.00437052
0.00434874
0.00432707
0.0043055
0.00428405
0.0042627
0.00424145
0.00422032
0.00419929
0.00417836
0.00415753
0.00413682
0.0041162
0.00409569
0.00407528
0.00405497
0.00403477
0.00401466
0.00399466
0.00397475
0.00395495
0.00393524
0.00391563
0.00389612
0.00387671
0.0038574
0.00383818
0.00381905
0.00380003
0.0037811
0.00376226
0.00374351
0.00372486
0.00370631
0.00368784
0.00366947
0.00365119
0.003633
0.00361491
0.0035969
0.00357898
0.00356115
0.00354341
0.00352576
0.0035082
0.00349073
0.00347334
0.00345604
0.00343883
0.0034217
0.00340466
0.0033877
0.00337083
0.00335404
0.00333734
0.00332072
0.00330418
0.00328773
0.00327136
0.00325507
0.00323886
0.00322273
0.00320669
0.00319072
0.00317483
0.00315903
0.0031433
0.00312765
0.00311208
0.00309658
0.00308117
0.00306583
0.00305057
0.00303538
0.00302027
0.00300524
0.00299028
0.0029754
0.00296059
0.00294585
0.00293119
0.0029166
0.00290209
0.00288764
0.00287327
0.00285897
0.00284475
0.00283059
0.00281651
0.00280249
0.00278855
0.00277468
0.00276087
0.00274713
0.00273347
0.00271987
0.00270634
0.00269288
0.00267948
0.00266615
0.00265289
0.0026397
0.00262657
0.00261351
0.00260051
0.00258758
0.00257471
0.0025619
0.00254917
0.00253649
0.00252388
0.00251133
0.00249885
0.00248642
0.00247406
0.00246176
0.00244953
0.00243735
0.00242524
0.00241318
0.00240119
0.00238926
0.00237738
0.00236557
0.00235382
0.00234212
0.00233048
0.0023189
0.00230738
0.00229592
0.00228452
0.00227317
0.00226188
0.00225064
0.00223947
0.00222835
0.00221728
0.00220627
0.00219531
0.00218441
0.00217357
0.00216278
0.00215204
0.00214136
0.00213073
0.00212016
0.00210963
0.00209916
0.00208875
0.00207838
0.00206807
0.00205781
0.0020476
0.00203745
0.00202734
0.00201728
0.00200728
0.00199732
0.00198742
0.00197757
0.00196776
0.00195801
0.0019483
0.00193864
0.00192903
0.00191947
0.00190996
0.0019005
0.00189108
0.00188171
0.00187239
0.00186311
0.00185388
0.0018447
0.00183557
0.00182648
0.00181743
0.00180844
0.00179948
0.00179058
0.00178171
0.00177289
0.00176412
0.00175539
0.00174671
0.00173807
0.00172947
0.00172092
0.00171241
0.00170394
0.00169551
0.00168713
0.00167879
0.00167049
0.00166224
0.00165402
0.00164585
0.00163772
0.00162963
0.00162158
0.00161357
0.0016056
0.00159768
0.00158979
0.00158194
0.00157414
0.00156637
0.00155864
0.00155095
0.0015433
0.00153569
0.00152812
0.00152058
0.00151309
0.00150563
0.00149821
0.00149082
0.00148348
0.00147617
0.0014689
0.00146167
0.00145447
0.00144731
0.00144019
0.0014331
0.00142605
0.00141903
0.00141205
0.00140511
0.0013982
0.00139133
0.00138449
0.00137768
0.00137092
0.00136418
0.00135748
0.00135082
0.00134418
0.00133759
0.00133102
0.00132449
0.00131799
0.00131153
0.0013051
0.0012987
0.00129234
0.001286
0.0012797
0.00127344
0.0012672
0.001261
0.00125482
0.00124868
0.00124258
0.0012365
0.00123045
0.00122444
0.00121845
0.0012125
0.00120658
0.00120068
0.00119482
0.00118899
0.00118319
0.00117742
0.00117167
0.00116596
0.00116028
0.00115463
0.001149
0.00114341
0.00113784
0.0011323
0.00112679
0.00112131
0.00111586
0.00111044
0.00110504
0.00109967
0.00109433
0.00108902
0.00108374
0.00107848
0.00107325
0.00106805
0.00106287
0.00105772
0.0010526
0.00104751
0.00104244
0.0010374
0.00103238
0.00102739
0.00102243
0.00101749
0.00101258
0.00100769
0.00100283
0.000997998
0.000993189
0.000988405
0.000983645
0.000978911
0.000974202
0.000969518
0.000964858
0.000960223
0.000955612
0.000951026
0.000946463
0.000941925
0.000937411
0.000932921
0.000928455
0.000924012
0.000919592
0.000915197
0.000910824
0.000906475
0.000902148
0.000897846
0.000893565
0.000889308
0.000885073
0.000880861
0.000876672
0.000872504
0.000868359
0.000864237
0.000860136
0.000856057
0.000852001
0.000847966
0.000843953
0.000839961
0.000835991
0.000832042
0.000828115
0.000824209
0.000820324
0.00081646
0.000812617
0.000808795
0.000804993
0.000801212
0.000797452
0.000793713
0.000789993
0.000786294
0.000782616
0.000778957
0.000775318
0.000771699
0.000768101
0.000764522
0.000760962
0.000757422
0.000753902
0.000750401
0.00074692
0.000743458
0.000740014
0.000736591
0.000733186
0.0007298
0.000726433
0.000723085
0.000719755
0.000716444
0.000713151
0.000709877
0.000706622
0.000703384
0.000700165
0.000696964
0.000693781
0.000690616
0.000687469
0.000684341
0.000681229
0.000678135
0.000675059
0.000672001
0.00066896
0.000665936
0.00066293
0.000659941
0.000656969
0.000654015
0.000651077
0.000648156
0.000645253
0.000642366
0.000639496
0.000636642
0.000633806
0.000630986
0.000628182
0.000625395
0.000622624
0.00061987
0.000617131
0.000614409
0.000611704
0.000609014
0.00060634
0.000603682
0.00060104
0.000598414
0.000595803
0.000593208
0.000590629
0.000588066
0.000585518
0.000582985
0.000580468
0.000577966
0.000575479
0.000573008
0.000570552
0.000568111
0.000565685
0.000563274
0.000560877
0.000558496
0.00055613
0.000553778
0.000551441
0.000549119
0.000546812
0.000544519
0.00054224
0.000539976
0.000537726
0.000535491
0.00053327
0.000531063
0.000528871
0.000526692
0.000524528
0.000522378
0.000520242
0.000518119
0.000516011
0.000513917
0.000511836
0.000509769
0.000507716
0.000505676
0.000503651
0.000501639
0.00049964
0.000497655
0.000495683
0.000493725
0.00049178
0.000489848
0.00048793
0.000486025
0.000484133
0.000482254
0.000480388
0.000478536
0.000476697
0.00047487
0.000473056
0.000471256
0.000469468
0.000467693
0.000465931
0.000464182
0.000462445
0.000460721
0.00045901
0.000457312
0.000455626
0.000453952
0.000452291
0.000450643
0.000449007
0.000447383
0.000445772
0.000444173
0.000442586
0.000441012
0.00043945
0.0004379
0.000436362
0.000434836
0.000433323
0.000431821
0.000430332
0.000428855
0.000427389
0.000425936
0.000424494
0.000423065
0.000421647
0.000420241
0.000418847
0.000417465
0.000416094
0.000414735
0.000413389
0.000412053
0.000410729
0.000409417
0.000408117
0.000406828
0.00040555
0.000404284
0.00040303
0.000401787
0.000400556
0.000399336
0.000398127
0.00039693
0.000395744
0.000394569
0.000393406
0.000392254
0.000391114
0.000389984
0.000388866
0.000387759
0.000386664
0.000385579
0.000384506
0.000383443
0.000382392
0.000381352
0.000380323
0.000379305
0.000378298
0.000377303
0.000376318
0.000375344
0.000374381
0.000373429
0.000372488
0.000371558
0.000370639
0.000369731
0.000368834
0.000367947
0.000367072
0.000366207
0.000365353
0.00036451
0.000363678
0.000362856
0.000362046
0.000361246
0.000360457
0.000359679
0.000358911
0.000358154
0.000357408
0.000356672
0.000355948
0.000355234
0.00035453
0.000353838
0.000353155
0.000352484
0.000351823
0.000351173
0.000350534
0.000349905
0.000349287
0.000348679
0.000348082
0.000347496
0.00034692
0.000346355
0.000345801
0.000345257
0.000344723
0.000344201
0.000343688
0.000343187
0.000342695
0.000342215
0.000341745
0.000341286
0.000340837
0.000340399
0.000339971
0.000339554
0.000339147
0.000338751
0.000338366
0.000337991
0.000337626
0.000337272
0.000336929
0.000336597
0.000336275
0.000335963
0.000335662
0.000335372
0.000335092
0.000334823
0.000334564
0.000334316
0.000334079
0.000333852
0.000333636
0.00033343
0.000333235
0.00033305
0.000332877
0.000332714
0.000332561
0.000332419
0.000332288
0.000332167
0.000332058
0.000331958
0.00033187
0.000331792
0.000331725
0.000331669
0.000331623
0.000331588
0.000331564
0.00033155
0.000331548
0.000331556
0.000331575
0.000331604
0.000331645
0.000331696
0.000331759
0.000331832
0.000331915
0.00033201
0.000332116
0.000332232
0.00033236
0.000332498
0.000332648
0.000332808
0.00033298
0.000333162
0.000333355
0.00033356
0.000333775
0.000334002
0.000334239
0.000334488
0.000334748
0.000335019
0.000335301
0.000335595
0.000335899
0.000336215
0.000336542
0.00033688
0.00033723
0.000337591
0.000337963
0.000338347
0.000338742
0.000339148
0.000339566
0.000339995
0.000340435
0.000340888
0.000341351
0.000341826
0.000342313
0.000342812
0.000343322
0.000343843
0.000344376
0.000344921
0.000345478
0.000346046
0.000346627
0.000347219
0.000347823
0.000348438
0.000349066
0.000349705
0.000350357
0.00035102
0.000351695
0.000352383
0.000353083
0.000353794
0.000354518
0.000355254
0.000356002
0.000356762
0.000357535
0.00035832
0.000359117
0.000359926
0.000360748
0.000361583
0.00036243
0.000363289
0.000364161
0.000365045
0.000365942
0.000366852
0.000367774
0.000368709
0.000369657
0.000370618
0.000371591
0.000372578
0.000373577
0.000374589
0.000375614
0.000376653
0.000377704
0.000378768
0.000379846
0.000380937
0.00038204
0.000383158
0.000384288
0.000385432
0.000386589
0.00038776
0.000388944
0.000390142
0.000391354
0.000392579
0.000393817
0.00039507
0.000396336
0.000397616
0.00039891
0.000400217
0.000401539
0.000402875
0.000404225
0.000405588
0.000406966
0.000408358
0.000409765
0.000411186
0.000412621
0.00041407
0.000415534
0.000417012
0.000418505
0.000420013
0.000421535
0.000423072
0.000424624
0.00042619
0.000427772
0.000429368
0.00043098
0.000432606
0.000434247
0.000435904
0.000437576
0.000439263
0.000440965
0.000442683
0.000444416
0.000446165
0.000447929
0.000449709
0.000451505
0.000453316
0.000455144
0.000456987
0.000458846
0.000460721
0.000462611
0.000464519
0.000466442
0.000468381
0.000470337
0.000472309
0.000474298
0.000476303
0.000478325
0.000480363
0.000482418
0.00048449
0.000486579
0.000488684
0.000490807
0.000492946
0.000495103
0.000497277
0.000499468
0.000501676
0.000503902
0.000506145
0.000508406
0.000510684
0.00051298
0.000515294
0.000517626
0.000519975
0.000522343
0.000524728
0.000527132
0.000529554
0.000531994
0.000534452
0.00053693
0.000539425
0.000541939
0.000544472
0.000547023
0.000549593
0.000552182
0.000554791
0.000557418
0.000560064
0.00056273
0.000565415
0.000568119
0.000570843
0.000573586
0.000576349
0.000579132
0.000581934
0.000584756
0.000587599
0.000590461
0.000593344
0.000596247
0.00059917
0.000602113
0.000605078
0.000608062
0.000611068
0.000614094
0.000617141
0.000620209
0.000623298
0.000626408
0.00062954
0.000632692
0.000635867
0.000639062
0.00064228
0.000645519
0.00064878
0.000652062
0.000655367
0.000658694
0.000662043
0.000665414
0.000668808
0.000672225
0.000675663
0.000679125
0.000682609
0.000686117
0.000689647
0.0006932
0.000696777
0.000700377
0.000704
0.000707647
0.000711317
0.000715011
0.000718729
0.000722471
0.000726237
0.000730027
0.000733842
0.00073768
0.000741544
0.000745431
0.000749344
0.000753281
0.000757243
0.000761231
0.000765244
0.000769281
0.000773344
0.000777433
0.000781547
0.000785687
0.000789853
0.000794045
0.000798263
0.000802507
0.000806777
0.000811074
0.000815397
0.000819747
0.000824124
0.000828528
0.000832958
0.000837417
0.000841902
0.000846414
0.000850954
0.000855522
0.000860118
0.000864741
0.000869393
0.000874073
0.000878781
0.000883517
0.000888282
0.000893076
0.000897898
0.00090275
0.00090763
0.00091254
0.000917479
0.000922447
0.000927445
0.000932473
0.000937531
0.000942619
0.000947736
0.000952885
0.000958063
0.000963272
0.000968512
0.000973783
0.000979085
0.000984418
0.000989782
0.000995177
0.0010006
0.00100606
0.00101155
0.00101708
0.00102263
0.00102822
0.00103384
0.00103949
0.00104517
0.00105089
0.00105664
0.00106243
0.00106824
0.00107409
0.00107998
0.0010859
0.00109185
0.00109783
0.00110385
0.00110991
0.001116
0.00112212
0.00112828
0.00113447
0.0011407
0.00114697
0.00115327
0.0011596
0.00116597
0.00117238
0.00117882
0.0011853
0.00119182
0.00119837
0.00120496
0.00121159
0.00121825
0.00122495
0.00123169
0.00123847
0.00124528
0.00125213
0.00125902
0.00126595
0.00127292
0.00127993
0.00128697
0.00129405
0.00130118
0.00130834
0.00131554
0.00132278
0.00133006
0.00133739
0.00134475
0.00135215
0.00135959
0.00136708
0.0013746
0.00138217
0.00138978
0.00139743
0.00140512
0.00141285
0.00142062
0.00142844
0.0014363
0.0014442
0.00145215
0.00146014
0.00146817
0.00147625
0.00148436
0.00149253
0.00150073
0.00150899
0.00151728
0.00152562
0.00153401
0.00154244
0.00155091
0.00155943
0.001568
0.00157661
0.00158527
0.00159398
0.00160273
0.00161153
0.00162037
0.00162926
0.0016382
0.00164719
0.00165622
0.00166531
0.00167444
0.00168362
0.00169284
0.00170212
0.00171145
0.00172082
0.00173025
0.00173972
0.00174924
0.00175882
0.00176844
0.00177812
0.00178784
0.00179762
0.00180745
0.00181733
0.00182726
0.00183724
0.00184728
0.00185736
0.0018675
0.0018777
0.00188794
0.00189824
0.0019086
0.001919
0.00192946
0.00193998
0.00195055
0.00196117
0.00197185
0.00198259
0.00199338
0.00200422
0.00201512
0.00202608
0.00203709
0.00204816
0.00205929
0.00207048
0.00208172
0.00209302
0.00210438
0.00211579
0.00212727
0.0021388
0.00215039
0.00216204
0.00217375
0.00218552
0.00219735
0.00220924
0.00222119
0.0022332
0.00224527
0.00225741
0.0022696
0.00228186
0.00229418
0.00230656
0.002319
0.00233151
0.00234408
0.00235671
0.00236941
0.00238217
0.00239499
0.00240788
0.00242083
0.00243385
0.00244693
0.00246008
0.0024733
0.00248658
0.00249993
0.00251334
0.00252682
0.00254037
0.00255399
0.00256767
0.00258142
0.00259525
0.00260913
0.00262309
0.00263712
0.00265122
0.00266538
0.00267962
0.00269393
0.00270831
0.00272275
0.00273727
0.00275187
0.00276653
0.00278127
0.00279607
0.00281096
0.00282591
0.00284094
0.00285604
0.00287122
0.00288647
0.00290179
0.00291719
0.00293267
0.00294822
0.00296384
0.00297955
0.00299533
0.00301118
0.00302712
0.00304313
0.00305922
0.00307538
0.00309163
0.00310795
0.00312436
0.00314084
0.0031574
0.00317404
0.00319077
0.00320757
0.00322446
0.00324142
0.00325847
0.0032756
0.00329281
0.00331011
0.00332749
0.00334495
0.0033625
0.00338013
0.00339784
0.00341564
0.00343352
0.00345149
0.00346955
0.00348769
0.00350592
0.00352424
0.00354264
0.00356113
0.00357971
0.00359837
0.00361713
0.00363597
0.00365491
0.00367393
0.00369304
0.00371225
0.00373154
0.00375093
0.0037704
0.00378997
0.00380963
0.00382939
0.00384924
0.00386918
0.00388921
0.00390934
0.00392956
0.00394988
0.00397029
0.0039908
0.00401141
0.00403211
0.00405291
0.0040738
0.0040948
0.00411589
0.00413708
0.00415836
0.00417975
0.00420124
0.00422282
0.00424451
0.0042663
0.00428819
0.00431018
0.00433227
0.00435446
0.00437676
0.00439916
0.00442166
0.00444427
0.00446698
0.0044898
0.00451272
0.00453574
0.00455888
0.00458212
0.00460546
0.00462892
0.00465247
0.00467614
0.00469992
0.00472381
0.0047478
0.00477191
0.00479612
0.00482044
0.00484488
0.00486943
0.00489409
0.00491886
0.00494374
0.00496874
0.00499385
0.00501907
0.00504441
0.00506987
0.00509543
0.00512112
0.00514692
0.00517283
0.00519887
0.00522502
0.00525129
0.00527768
0.00530418
0.00533081
0.00535756
0.00538442
0.00541141
0.00543851
0.00546574
0.00549309
0.00552056
0.00554816
0.00557588
0.00560372
0.00563169
0.00565978
0.005688
0.00571634
0.00574481
0.00577341
0.00580213
0.00583098
0.00585996
0.00588906
0.0059183
0.00594766
0.00597716
0.00600678
0.00603654
0.00606642
0.00609644
0.00612659
0.00615688
0.00618729
0.00621785
0.00624853
0.00627935
0.00631031
0.0063414
0.00637262
0.00640399
0.00643549
0.00646713
0.00649891
0.00653082
0.00656288
0.00659507
0.0066274
0.00665988
0.0066925
0.00672525
0.00675816
0.0067912
0.00682439
0.00685772
0.00689119
0.00692481
0.00695858
0.00699249
0.00702655
0.00706075
0.0070951
0.00712961
0.00716425
0.00719905
0.007234
0.0072691
0.00730434
0.00733974
0.00737529
0.007411
0.00744685
0.00748286
0.00751902
0.00755534
0.00759181
0.00762844
0.00766522
0.00770217
0.00773926
0.00777652
0.00781393
0.0078515
0.00788923
0.00792713
0.00796518
0.00800339
0.00804176
0.0080803
0.008119
0.00815786
0.00819689
0.00823608
0.00827543
0.00831495
0.00835464
0.00839449
0.00843452
0.00847471
0.00851506
0.00855559
0.00859628
0.00863715
0.00867819
0.00871939
0.00876077
0.00880232
0.00884405
0.00888595
0.00892802
0.00897027
0.00901269
0.00905529
0.00909807
0.00914102
0.00918415
0.00922745
0.00927094
0.00931461
0.00935846
0.00940248
0.00944669
0.00949109
0.00953566
0.00958042
0.00962536
0.00967048
0.00971579
0.00976129
0.00980697
0.00985284
0.0098989
0.00994514
0.00999158
0.0100382
0.010085
0.010132
0.0101792
0.0102266
0.0102742
0.0103219
0.0103699
0.0104181
0.0104664
0.010515
0.0105637
0.0106127
0.0106618
0.0107112
0.0107607
0.0108104
0.0108604
0.0109105
0.0109608
0.0110114
0.0110621
0.0111131
0.0111642
0.0112156
0.0112672
0.0113189
0.0113709
0.0114231
0.0114755
0.0115281
0.0115809
0.0116339
0.0116871
0.0117406
0.0117942
0.0118481
0.0119022
0.0119565
0.012011
0.0120657
0.0121206
0.0121758
0.0122311
0.0122867
0.0123425
0.0123986
0.0124548
0.0125113
0.012568
0.0126249
0.012682
0.0127394
0.012797
0.0128548
0.0129128
0.0129711
0.0130296
0.0130883
0.0131472
0.0132064
0.0132658
0.0133254
0.0133853
0.0134454
0.0135057
0.0135663
0.0136271
0.0136881
0.0137494
0.0138109
0.0138726
0.0139346
0.0139968
0.0140593
0.0141219
0.0141849
0.0142481
0.0143115
0.0143751
0.014439
0.0145032
0.0145676
0.0146322
0.0146971
0.0147622
0.0148276
0.0148932
0.0149591
0.0150252
0.0150916
0.0151582
0.0152251
0.0152922
0.0153596
0.0154273
0.0154952
0.0155633
0.0156317
0.0157004
0.0157693
0.0158385
0.0159079
0.0159776
0.0160476
0.0161178
0.0161883
0.0162591
0.0163301
0.0164014
0.0164729
0.0165447
0.0166168
0.0166891
0.0167618
0.0168346
0.0169078
0.0169812
0.0170549
0.0171289
0.0172031
0.0172777
0.0173524
0.0174275
0.0175029
0.0175785
0.0176544
0.0177306
0.017807
0.0178838
0.0179608
0.0180381
0.0181157
0.0181935
0.0182717
0.0183501
0.0184288
0.0185078
0.0185871
0.0186667
0.0187466
0.0188268
0.0189072
0.0189879
0.019069
0.0191503
0.0192319
0.0193138
0.0193961
0.0194786
0.0195614
0.0196445
0.0197279
0.0198116
0.0198956
0.0199799
0.0200645
0.0201494
0.0202346
0.0203201
0.0204059
0.020492
0.0205785
0.0206652
0.0207523
0.0208396
0.0209273
0.0210152
0.0211035
0.0211921
0.021281
0.0213703
0.0214598
0.0215497
0.0216398
0.0217303
0.0218211
0.0219122
0.0220037
0.0220954
0.0221875
0.0222799
0.0223727
0.0224657
0.0225591
0.0226528
0.0227468
0.0228412
0.0229359
0.0230309
0.0231262
0.0232219
0.0233179
0.0234142
0.0235109
0.0236079
0.0237053
0.0238029
0.0239009
0.0239993
0.024098
0.024197
0.0242964
0.0243961
0.0244961
0.0245965
0.0246972
0.0247983
0.0248997
0.0250015
0.0251036
0.025206
0.0253088
0.025412
0.0255155
0.0256194
0.0257236
0.0258281
0.025933
0.0260383
0.0261439
0.0262499
0.0263562
0.0264629
0.02657
0.0266774
0.0267851
0.0268933
0.0270017
0.0271106
0.0272198
0.0273294
0.0274393
0.0275496
0.0276603
0.0277714
0.0278828
0.0279945
0.0281067
0.0282192
0.0283321
0.0284454
0.028559
0.028673
0.0287874
0.0289022
0.0290173
0.0291329
0.0292488
0.029365
0.0294817
0.0295987
0.0297162
0.029834
0.0299522
0.0300707
0.0301897
0.030309
0.0304288
0.0305489
0.0306694
0.0307903
0.0309116
0.0310333
0.0311554
0.0312778
0.0314007
0.031524
0.0316476
0.0317717
0.0318961
0.032021
0.0321462
0.0322719
0.0323979
0.0325244
0.0326512
0.0327785
0.0329062
0.0330342
0.0331627
0.0332916
0.0334209
0.0335506
0.0336807
0.0338112
0.0339421
0.0340735
0.0342053
0.0343374
0.03447
0.034603
0.0347364
0.0348703
0.0350045
0.0351392
0.0352743
0.0354098
0.0355458
0.0356821
0.0358189
0.0359561
0.0360938
0.0362318
0.0363703
0.0365092
0.0366486
0.0367883
0.0369286
0.0370692
0.0372103
0.0373518
0.0374937
0.0376361
0.0377789
0.0379221
0.0380658
0.0382099
0.0383545
0.0384995
0.0386449
0.0387908
0.0389371
0.0390839
0.0392311
0.0393788
0.0395269
0.0396754
0.0398244
0.0399739
0.0401238
0.0402741
0.0404249
0.0405762
0.0407279
0.04088
0.0410327
0.0411857
0.0413392
0.0414932
0.0416477
0.0418026
0.0419579
0.0421137
0.04227
0.0424268
0.042584
0.0427416
0.0428998
0.0430584
0.0432174
0.043377
0.043537
0.0436974
0.0438584
0.0440198
0.0441816
0.044344
0.0445068
0.0446701
0.0448339
0.0449981
0.0451629
0.0453281
0.0454938
0.0456599
0.0458265
0.0459937
0.0461613
0.0463294
0.0464979
0.046667
0.0468365
0.0470065
0.047177
0.047348
0.0475195
0.0476915
0.0478639
0.0480369
0.0482103
0.0483842
0.0485587
0.0487336
0.048909
0.0490849
0.0492613
0.0494382
0.0496156
0.0497935
0.0499719
0.0501508
0.0503302
0.0505101
0.0506905
0.0508714
0.0510528
0.0512347
0.0514171
0.0516
0.0517835
0.0519674
0.0521518
0.0523368
0.0525222
0.0527082
0.0528947
0.0530817
0.0532692
0.0534572
0.0536458
0.0538349
0.0540244
0.0542145
0.0544051
0.0545962
0.0547879
0.0549801
0.0551727
0.055366
0.0555597
0.0557539
0.0559487
0.056144
0.0563398
0.0565362
0.0567331
0.0569305
0.0571284
0.0573269
0.0575259
0.0577254
0.0579254
0.058126
0.0583271
0.0585288
0.058731
0.0589337
0.059137
0.0593408
0.0595451
0.05975
0.0599554
0.0601613
0.0603678
0.0605748
0.0607824
0.0609905
0.0611992
0.0614083
0.0616181
0.0618284
0.0620392
0.0622506
0.0624625
0.062675
0.062888
0.0631016
0.0633157
0.0635303
0.0637455
0.0639613
0.0641776
0.0643945
0.0646119
0.0648299
0.0650484
0.0652675
0.0654872
0.0657074
0.0659281
0.0661495
0.0663713
0.0665938
0.0668168
0.0670403
0.0672644
0.0674891
0.0677144
0.0679402
0.0681665
0.0683935
0.068621
0.068849
0.0690777
0.0693069
0.0695366
0.0697669
0.0699979
0.0702293
0.0704613
0.070694
0.0709271
0.0711609
0.0713952
0.0716301
0.0718656
0.0721016
0.0723382
0.0725754
0.0728132
0.0730515
0.0732905
0.07353
0.07377
0.0740107
0.0742519
0.0744937
0.0747361
0.0749791
0.0752227
0.0754668
0.0757115
0.0759568
0.0762027
0.0764491
0.0766962
0.0769438
0.0771921
0.0774409
0.0776903
0.0779402
0.0781908
0.078442
0.0786937
0.078946
0.0791989
0.0794525
0.0797066
0.0799612
0.0802165
0.0804724
0.0807289
0.0809859
0.0812436
0.0815018
0.0817607
0.0820201
0.0822801
0.0825407
0.0828019
0.0830638
0.0833262
0.0835892
0.0838528
0.084117
0.0843818
0.0846472
0.0849131
0.0851797
0.0854469
0.0857147
0.0859831
0.0862521
0.0865217
0.0867919
0.0870627
0.0873341
0.0876061
0.0878787
0.088152
0.0884258
0.0887002
0.0889752
0.0892508
0.0895271
0.0898039
0.0900814
0.0903594
0.0906381
0.0909173
0.0911972
0.0914777
0.0917588
0.0920405
0.0923228
0.0926057
0.0928892
0.0931733
0.0934581
0.0937434
0.0940294
0.094316
0.0946031
0.0948909
0.0951793
0.0954683
0.095758
0.0960482
0.0963391
0.0966305
0.0969226
0.0972153
0.0975086
0.0978025
0.098097
0.0983922
0.0986879
0.0989843
0.0992813
0.0995789
0.0998771
0.100176
0.100475
0.100775
0.101076
0.101377
0.101679
0.101982
0.102285
0.102589
0.102893
0.103198
0.103504
0.10381
0.104117
0.104424
0.104732
0.105041
0.10535
0.10566
0.105971
0.106282
0.106594
0.106906
0.107219
0.107533
0.107847
0.108162
0.108477
0.108793
0.10911
0.109427
0.109745
0.110064
0.110383
0.110703
0.111023
0.111344
0.111666
0.111988
0.112311
0.112635
0.112959
0.113284
0.113609
0.113935
0.114261
0.114589
0.114917
0.115245
0.115574
0.115904
0.116234
0.116565
0.116897
0.117229
0.117562
0.117895
0.118229
0.118564
0.118899
0.119235
0.119571
0.119908
0.120246
0.120584
0.120923
0.121263
0.121603
0.121944
0.122285
0.122627
0.12297
0.123313
0.123657
0.124001
0.124347
0.124692
0.125039
0.125386
0.125733
0.126081
0.12643
0.126779
0.127129
0.12748
0.127831
0.128183
0.128536
0.128889
0.129242
0.129597
0.129952
0.130307
0.130663
0.13102
0.131377
0.131735
0.132094
0.132453
0.132813
0.133173
0.133534
0.133896
0.134258
0.134621
0.134984
0.135348
0.135713
0.136078
0.136444
0.13681
0.137177
0.137545
0.137913
0.138282
0.138651
0.139021
0.139392
0.139763
0.140135
0.140507
0.14088
0.141254
0.141628
0.142003
0.142378
0.142755
0.143131
0.143508
0.143886
0.144265
0.144644
0.145023
0.145403
0.145784
0.146165
0.146547
0.14693
0.147313
0.147697
0.148081
0.148466
0.148851
0.149237
0.149624
0.150011
0.150399
0.150788
0.151177
0.151566
0.151956
0.152347
0.152738
0.15313
0.153523
0.153916
0.154309
0.154704
0.155098
0.155494
0.15589
0.156286
0.156683
0.157081
0.157479
0.157878
0.158277
0.158677
0.159078
0.159479
0.15988
0.160283
0.160685
0.161089
0.161493
0.161897
0.162302
0.162708
0.163114
0.163521
0.163928
0.164336
0.164744
0.165153
0.165562
0.165972
0.166383
0.166794
0.167206
0.167618
0.168031
0.168444
0.168858
0.169273
0.169688
0.170103
0.170519
0.170936
0.171353
0.171771
0.172189
0.172608
0.173027
0.173447
0.173867
0.174288
0.17471
0.175132
0.175554
0.175977
0.176401
0.176825
0.17725
0.177675
0.178101
0.178527
0.178953
0.179381
0.179809
0.180237
0.180666
0.181095
0.181525
0.181955
0.182386
0.182818
0.183249
0.183682
0.184115
0.184548
0.184982
0.185417
0.185852
0.186287
0.186723
0.187159
0.187596
0.188034
0.188472
0.18891
0.189349
0.189789
0.190228
0.190669
0.19111
0.191551
0.191993
0.192435
0.192878
0.193322
0.193765
0.19421
0.194654
0.1951
0.195545
0.195992
0.196438
0.196885
0.197333
0.197781
0.19823
0.198679
0.199128
0.199578
0.200028
0.200479
0.200931
0.201382
0.201834
0.202287
0.20274
0.203194
0.203648
0.204102
0.204557
0.205013
0.205468
0.205925
0.206381
0.206839
0.207296
0.207754
0.208212
0.208671
0.209131
0.20959
0.210051
0.210511
0.210972
0.211434
0.211895
0.212358
0.21282
0.213283
0.213747
0.214211
0.214675
0.21514
0.215605
0.216071
0.216536
0.217003
0.21747
0.217937
0.218404
0.218872
0.219341
0.219809
0.220278
0.220748
0.221218
0.221688
0.222159
0.22263
0.223101
0.223573
0.224045
0.224518
0.224991
0.225464
0.225938
0.226412
0.226886
0.227361
0.227836
0.228311
0.228787
0.229263
0.22974
0.230217
0.230694
0.231172
0.23165
0.232128
0.232606
0.233085
0.233565
0.234044
0.234524
0.235005
0.235485
0.235966
0.236447
0.236929
0.237411
0.237893
0.238376
0.238859
0.239342
0.239825
0.240309
0.240793
0.241278
0.241762
0.242247
0.242733
0.243218
0.243704
0.24419
0.244677
0.245164
0.245651
0.246138
0.246626
0.247114
0.247602
0.24809
0.248579
0.249068
0.249557
0.250047
0.250537
0.251027
0.251517
0.252008
0.252498
0.252989
0.253481
0.253972
0.254464
0.254956
0.255449
0.255941
0.256434
0.256927
0.25742
0.257914
0.258408
0.258902
0.259396
0.25989
0.260385
0.26088
0.261375
0.26187
0.262365
0.262861
0.263357
0.263853
0.264349
0.264846
0.265343
0.265839
0.266336
0.266834
0.267331
0.267829
0.268327
0.268825
0.269323
0.269821
0.27032
0.270818
0.271317
0.271816
0.272315
0.272815
0.273314
0.273814
0.274313
0.274813
0.275313
0.275814
0.276314
0.276815
0.277315
0.277816
0.278317
0.278818
0.279319
0.27982
0.280322
0.280823
0.281325
0.281827
0.282329
0.282831
0.283333
0.283835
0.284337
0.284839
0.285342
0.285845
0.286347
0.28685
0.287353
0.287856
0.288359
0.288862
0.289365
0.289868
0.290371
0.290875
0.291378
0.291882
0.292385
0.292889
0.293392
0.293896
0.2944
0.294903
0.295407
0.295911
0.296415
0.296919
0.297423
0.297927
0.298431
0.298935
0.299439
0.299943
0.300447
0.300951
0.301455
0.301959
0.302463
0.302968
0.303472
0.303976
0.30448
0.304984
0.305488
0.305992
0.306496
0.307
0.307504
0.308008
0.308512
0.309016
0.30952
0.310023
0.310527
0.311031
0.311535
0.312038
0.312542
0.313045
0.313549
0.314052
0.314555
0.315059
0.315562
0.316065
0.316568
0.317071
0.317574
0.318077
0.318579
0.319082
0.319584
0.320087
0.320589
0.321091
0.321593
0.322095
0.322597
0.323099
0.323601
0.324102
0.324604
0.325105
0.325606
0.326107
0.326608
0.327109
0.327609
0.32811
0.32861
0.32911
0.32961
0.33011
0.33061
0.331109
0.331608
0.332108
0.332607
0.333105
0.333604
0.334103
0.334601
0.335099
0.335597
0.336094
0.336592
0.337089
0.337586
0.338083
0.33858
0.339076
0.339573
0.340069
0.340565
0.34106
0.341556
0.342051
0.342546
0.34304
0.343535
0.344029
0.344523
0.345016
0.34551
0.346003
0.346496
0.346989
0.347481
0.347973
0.348465
0.348957
0.349448
0.349939
0.35043
0.35092
0.35141
0.3519
0.35239
0.352879
0.353368
0.353857
0.354345
0.354833
0.355321
0.355808
0.356295
0.356782
0.357269
0.357755
0.358241
0.358726
0.359211
0.359696
0.36018
0.360664
0.361148
0.361631
0.362114
0.362597
0.363079
0.363561
0.364043
0.364524
0.365005
0.365485
0.365965
0.366445
0.366924
0.367403
0.367881
0.368359
0.368837
0.369314
0.369791
0.370267
0.370743
0.371219
0.371694
0.372169
0.372643
0.373117
0.37359
0.374064
0.374536
0.375008
0.37548
0.375951
0.376422
0.376892
0.377362
0.377831
0.3783
0.378769
0.379237
0.379704
0.380171
0.380638
0.381104
0.381569
0.382034
0.382499
0.382963
0.383426
0.383889
0.384352
0.384814
0.385276
0.385737
0.386197
0.386657
0.387116
0.387575
0.388034
0.388492
0.388949
0.389406
0.389862
0.390317
0.390772
0.391227
0.391681
0.392134
0.392587
0.39304
0.393491
0.393942
0.394393
0.394843
0.395292
0.395741
0.396189
0.396637
0.397084
0.39753
0.397976
0.398421
0.398866
0.39931
0.399753
0.400196
0.400638
0.40108
0.401521
0.401961
0.4024
0.402839
0.403278
0.403715
0.404152
0.404589
0.405025
0.40546
0.405894
0.406328
0.406761
0.407193
0.407625
0.408056
0.408487
0.408916
0.409345
0.409774
0.410201
0.410628
0.411054
0.41148
0.411905
0.412329
0.412752
0.413175
0.413597
0.414018
0.414439
0.414859
0.415278
0.415696
0.416114
0.416531
0.416947
0.417362
0.417777
0.418191
0.418604
0.419016
0.419428
0.419839
0.420249
0.420659
0.421067
0.421475
0.421882
0.422288
0.422694
0.423098
0.423502
0.423905
0.424308
0.424709
0.42511
0.42551
0.425909
0.426307
0.426705
0.427101
0.427497
0.427892
0.428286
0.42868
0.429072
0.429464
0.429855
0.430245
0.430634
0.431022
0.43141
0.431797
0.432182
0.432567
0.432951
0.433335
0.433717
0.434098
0.434479
0.434859
0.435238
0.435616
0.435993
0.436369
0.436744
0.437119
0.437492
0.437865
0.438237
0.438607
0.438977
0.439346
0.439714
0.440082
0.440448
0.440813
0.441178
0.441541
0.441904
0.442265
0.442626
0.442986
0.443345
0.443703
0.44406
0.444416
0.444771
0.445125
0.445478
0.44583
0.446181
0.446532
0.446881
0.447229
0.447577
0.447923
0.448268
0.448613
0.448956
0.449299
0.44964
0.449981
0.45032
0.450659
0.450996
0.451333
0.451668
0.452003
0.452336
0.452669
0.453
0.45333
0.45366
0.453988
0.454316
0.454642
0.454967
0.455292
0.455615
0.455937
0.456258
0.456578
0.456897
0.457215
0.457532
0.457848
0.458163
0.458477
0.45879
0.459102
0.459412
0.459722
0.46003
0.460338
0.460644
0.460949
0.461254
0.461557
0.461859
0.46216
0.462459
0.462758
0.463056
0.463352
0.463648
0.463942
0.464236
0.464528
0.464819
0.465109
0.465398
0.465685
0.465972
0.466258
0.466542
0.466825
0.467107
0.467388
0.467668
0.467947
0.468224
0.468501
0.468776
0.46905
0.469323
0.469595
0.469866
0.470136
0.470404
0.470671
0.470938
0.471203
0.471466
0.471729
0.471991
0.472251
0.47251
0.472768
0.473025
0.47328
0.473535
0.473788
0.47404
0.474291
0.474541
0.474789
0.475037
0.475283
0.475528
0.475772
0.476014
0.476256
0.476496
0.476735
0.476973
0.477209
0.477444
0.477679
0.477912
0.478143
0.478374
0.478603
0.478831
0.479058
0.479283
0.479508
0.479731
0.479953
0.480174
0.480393
0.480611
0.480828
0.481044
0.481259
0.481472
0.481684
0.481895
0.482104
0.482312
0.48252
0.482725
0.48293
0.483133
0.483335
0.483536
0.483735
0.483934
0.484131
0.484326
0.484521
0.484714
0.484906
0.485096
0.485286
0.485474
0.485661
0.485846
0.486031
0.486213
0.486395
0.486576
0.486755
0.486933
0.487109
0.487284
0.487458
0.487631
0.487802
0.487972
0.488141
0.488309
0.488475
0.48864
0.488803
0.488966
0.489127
0.489286
0.489445
0.489602
0.489757
0.489912
0.490065
0.490217
0.490367
0.490516
0.490664
0.490811
0.490956
0.4911
0.491243
0.491384
0.491524
0.491662
0.4918
0.491936
0.49207
0.492203
0.492335
0.492466
0.492595
0.492723
0.49285
0.492975
0.493099
0.493222
0.493343
0.493463
0.493582
0.493699
0.493815
0.493929
0.494042
0.494154
0.494265
0.494374
0.494482
0.494588
0.494693
0.494797
0.4949
0.495001
0.4951
0.495199
0.495296
0.495391
0.495485
0.495578
0.49567
0.49576
0.495849
0.495936
0.496023
0.496107
0.496191
0.496273
0.496353
0.496433
0.496511
0.496587
0.496662
0.496736
0.496809
0.49688
0.496949
0.497018
0.497085
0.49715
0.497214
0.497277
0.497339
0.497399
0.497458
0.497515
0.497571
0.497625
0.497679
0.497731
0.497781
0.49783
0.497878
0.497924
0.497969
0.498013
0.498055
0.498096
0.498135
0.498173
0.49821
0.498245
0.498279
0.498312
0.498343
0.498372
0.498401
0.498428
0.498453
0.498478
0.498501
0.498522
0.498542
0.498561
0.498578
0.498594
0.498609
0.498622
0.498634
0.498644
0.498653
0.498661
0.498667
0.498672
0.498675
0.498677
0.498678
0.498677
0.498675
0.498672
0.498667
0.498661
0.498653
0.498644
0.498634
0.498622
0.498609
0.498594
0.498578
0.498561
0.498542
0.498522
0.498501
0.498478
0.498453
0.498428
0.498401
0.498372
0.498343
0.498312
0.498279
0.498245
0.49821
0.498173
0.498135
0.498096
0.498055
0.498013
0.497969
0.497924
0.497878
0.49783
0.497781
0.497731
0.497679
0.497625
0.497571
0.497515
0.497458
0.497399
0.497339
0.497277
0.497214
0.49715
0.497085
0.497018
0.496949
0.49688
0.496809
0.496736
0.496662
0.496587
0.496511
0.496433
0.496353
0.496273
0.496191
0.496107
0.496023
0.495936
0.495849
0.49576
0.49567
0.495578
0.495485
0.495391
0.495296
0.495199
0.4951
0.495001
0.4949
0.494797
0.494693
0.494588
0.494482
0.494374
0.494265
0.494154
0.494042
0.493929
0.493815
0.493699
0.493582
0.493463
0.493343
0.493222
0.493099
0.492975
0.49285
0.492723
0.492595
0.492466
0.492335
0.492203
0.49207
0.491936
0.4918
0.491662
0.491524
0.491384
0.491243
0.4911
0.490956
0.490811
0.490664
0.490516
0.490367
0.490217
0.490065
0.489912
0.489757
0.489602
0.489445
0.489286
0.489127
0.488966
0.488803
0.48864
0.488475
0.488309
0.488141
0.487972
0.487802
0.487631
0.487458
0.487284
0.487109
0.486933
0.486755
0.486576
0.486395
0.486213
0.486031
0.485846
0.485661
0.485474
0.485286
0.485096
0.484906
0.484714
0.484521
0.484326
0.484131
0.483934
0.483735
0.483536
0.483335
0.483133
0.48293
0.482725
0.48252
0.482312
0.482104
0.481895
0.481684
0.481472
0.481259
0.481044
0.480828
0.480611
0.480393
0.480174
0.479953
0.479731
0.479508
0.479283
0.479058
0.478831
0.478603
0.478374
0.478143
0.477912
0.477679
0.477444
0.477209
0.476973
0.476735
0.476496
0.476256
0.476014
0.475772
0.475528
0.475283
0.475037
0.474789
0.474541
0.474291
0.47404
0.473788
0.473535
0.47328
0.473025
0.472768
0.47251
0.472251
0.471991
0.471729
0.471466
0.471203
0.470938
0.470671
0.470404
0.470136
0.469866
0.469595
0.469323
0.46905
0.468776
0.468501
0.468224
0.467947
0.467668
0.467388
0.467107
0.466825
0.466542
0.466258
0.465972
0.465685
0.465398
0.465109
0.464819
0.464528
0.464236
0.463942
0.463648
0.463352
0.463056
0.462758
0.462459
0.46216
0.461859
0.461557
0.461254
0.460949
0.460644
0.460338
0.46003
0.459722
0.459412
0.459102
0.45879
0.458477
0.458163
0.457848
0.457532
0.457215
0.456897
0.456578
0.456258
0.455937
0.455615
0.455292
0.454967
0.454642
0.454316
0.453988
0.45366
0.45333
0.453
0.452669
0.452336
0.452003
0.451668
0.451333
0.450996
0.450659
0.45032
0.449981
0.44964
0.449299
0.448956
0.448613
0.448268
0.447923
0.447577
0.447229
0.446881
0.446532
0.446181
0.44583
0.445478
0.445125
0.444771
0.444416
0.44406
0.443703
0.443345
0.442986
0.442626
0.442265
0.441904
0.441541
0.441178
0.440813
0.440448
0.440082
0.439714
0.439346
0.438977
0.438607
0.438237
0.437865
0.437492
0.437119
0.436744
0.436369
0.435993
0.435616
0.435238
0.434859
0.434479
0.434098
0.433717
0.433335
0.432951
0.432567
0.432182
0.431797
0.43141
0.431022
0.430634
0.430245
0.429855
0.429464
0.429072
0.42868
0.428286
0.427892
0.427497
0.427101
0.426705
0.426307
0.425909
0.42551
0.42511
0.424709
0.424308
0.423905
0.423502
0.423098
0.422694
0.422288
0.421882
0.421475
0.421067
0.420659
0.420249
0.419839
0.419428
0.419016
0.418604
0.418191
0.417777
0.417362
0.416947
0.416531
0.416114
0.415696
0.415278
0.414859
0.414439
0.414018
0.413597
0.413175
0.412752
0.412329
0.411905
0.41148
0.411054
0.410628
0.410201
0.409774
0.409345
0.408916
0.408487
0.408056
0.407625
0.407193
0.406761
0.406328
0.405894
0.40546
0.405025
0.404589
0.404152
0.403715
0.403278
0.402839
0.4024
0.401961
0.401521
0.40108
0.400638
0.400196
0.399753
0.39931
0.398866
0.398421
0.397976
0.39753
0.397084
0.396637
0.396189
0.395741
0.395292
0.394843
0.394393
0.393942
0.393491
0.39304
0.392587
0.392134
0.391681
0.391227
0.390772
0.390317
0.389862
0.389406
0.388949
0.388492
0.388034
0.387575
0.387116
0.386657
0.386197
0.385737
0.385276
0.384814
0.384352
0.383889
0.383426
0.382963
0.382499
0.382034
0.381569
0.381104
0.380638
0.380171
0.379704
0.379237
0.378769
0.3783
0.377831
0.377362
0.376892
0.376422
0.375951
0.37548
0.375008
0.374536
0.374064
0.37359
0.373117
0.372643
0.372169
0.371694
0.371219
0.370743
0.370267
0.369791
0.369314
0.368837
0.368359
0.367881
0.367403
0.366924
0.366445
0.365965
0.365485
0.365005
0.364524
0.364043
0.363561
0.363079
0.362597
0.362114
0.361631
0.361148
0.360664
0.36018
0.359696
0.359211
0.358726
0.358241
0.357755
0.357269
0.356782
0.356295
0.355808
0.355321
0.354833
0.354345
0.353857
0.353368
0.352879
0.35239
0.3519
0.35141
0.35092
0.35043
0.349939
0.349448
0.348957
0.348465
0.347973
0.347481
0.346989
0.346496
0.346003
0.34551
0.345016
0.344523
0.344029
0.343535
0.34304
0.342546
0.342051
0.341556
0.34106
0.340565
0.340069
0.339573
0.339076
0.33858
0.338083
0.337586
0.337089
0.336592
0.336094
0.335597
0.335099
0.334601
0.334102
0.333604
0.333105
0.332607
0.332108
0.331608
0.331109
0.33061
0.33011
0.32961
0.32911
0.32861
0.32811
0.327609
0.327109
0.326608
0.326107
0.325606
0.325105
0.324604
0.324102
0.323601
0.323099
0.322597
0.322095
0.321593
0.321091
0.320589
0.320087
0.319584
0.319082
0.318579
0.318077
0.317574
0.317071
0.316568
0.316065
0.315562
0.315059
0.314555
0.314052
0.313549
0.313045
0.312542
0.312038
0.311535
0.311031
0.310527
0.310023
0.30952
0.309016
0.308512
0.308008
0.307504
0.307
0.306496
0.305992
0.305488
0.304984
0.30448
0.303976
0.303472
0.302967
0.302463
0.301959
0.301455
0.300951
0.300447
0.299943
0.299439
0.298935
0.298431
0.297927
0.297423
0.296919
0.296415
0.295911
0.295407
0.294903
0.2944
0.293896
0.293392
0.292889
0.292385
0.291881
0.291378
0.290875
0.290371
0.289868
0.289365
0.288862
0.288359
0.287856
0.287353
0.28685
0.286347
0.285844
0.285342
0.284839
0.284337
0.283835
0.283333
0.282831
0.282329
0.281827
0.281325
0.280823
0.280322
0.27982
0.279319
0.278818
0.278317
0.277816
0.277315
0.276815
0.276314
0.275814
0.275313
0.274813
0.274313
0.273814
0.273314
0.272815
0.272315
0.271816
0.271317
0.270818
0.27032
0.269821
0.269323
0.268825
0.268327
0.267829
0.267331
0.266834
0.266336
0.265839
0.265342
0.264846
0.264349
0.263853
0.263357
0.262861
0.262365
0.26187
0.261375
0.26088
0.260385
0.25989
0.259396
0.258902
0.258408
0.257914
0.25742
0.256927
0.256434
0.255941
0.255449
0.254956
0.254464
0.253972
0.253481
0.252989
0.252498
0.252008
0.251517
0.251027
0.250537
0.250047
0.249557
0.249068
0.248579
0.24809
0.247602
0.247113
0.246626
0.246138
0.245651
0.245164
0.244677
0.24419
0.243704
0.243218
0.242733
0.242247
0.241762
0.241278
0.240793
0.240309
0.239825
0.239342
0.238859
0.238376
0.237893
0.237411
0.236929
0.236447
0.235966
0.235485
0.235005
0.234524
0.234044
0.233565
0.233085
0.232606
0.232128
0.23165
0.231172
0.230694
0.230217
0.22974
0.229263
0.228787
0.228311
0.227836
0.227361
0.226886
0.226412
0.225938
0.225464
0.224991
0.224518
0.224045
0.223573
0.223101
0.22263
0.222159
0.221688
0.221218
0.220748
0.220278
0.219809
0.219341
0.218872
0.218404
0.217937
0.21747
0.217003
0.216536
0.21607
0.215605
0.21514
0.214675
0.214211
0.213747
0.213283
0.21282
0.212358
0.211895
0.211433
0.210972
0.210511
0.21005
0.20959
0.209131
0.208671
0.208212
0.207754
0.207296
0.206838
0.206381
0.205925
0.205468
0.205013
0.204557
0.204102
0.203648
0.203194
0.20274
0.202287
0.201834
0.201382
0.20093
0.200479
0.200028
0.199578
0.199128
0.198679
0.19823
0.197781
0.197333
0.196885
0.196438
0.195992
0.195545
0.1951
0.194654
0.19421
0.193765
0.193322
0.192878
0.192435
0.191993
0.191551
0.19111
0.190669
0.190228
0.189788
0.189349
0.18891
0.188472
0.188034
0.187596
0.187159
0.186723
0.186287
0.185851
0.185417
0.184982
0.184548
0.184115
0.183682
0.183249
0.182817
0.182386
0.181955
0.181525
0.181095
0.180666
0.180237
0.179808
0.179381
0.178953
0.178527
0.1781
0.177675
0.17725
0.176825
0.176401
0.175977
0.175554
0.175132
0.17471
0.174288
0.173867
0.173447
0.173027
0.172608
0.172189
0.171771
0.171353
0.170936
0.170519
0.170103
0.169688
0.169273
0.168858
0.168444
0.168031
0.167618
0.167206
0.166794
0.166383
0.165972
0.165562
0.165153
0.164744
0.164336
0.163928
0.16352
0.163114
0.162708
0.162302
0.161897
0.161493
0.161089
0.160685
0.160283
0.15988
0.159479
0.159078
0.158677
0.158277
0.157878
0.157479
0.157081
0.156683
0.156286
0.15589
0.155494
0.155098
0.154703
0.154309
0.153916
0.153523
0.15313
0.152738
0.152347
0.151956
0.151566
0.151176
0.150787
0.150399
0.150011
0.149624
0.149237
0.148851
0.148466
0.148081
0.147697
0.147313
0.14693
0.146547
0.146165
0.145784
0.145403
0.145023
0.144643
0.144264
0.143886
0.143508
0.143131
0.142754
0.142378
0.142003
0.141628
0.141254
0.14088
0.140507
0.140135
0.139763
0.139392
0.139021
0.138651
0.138282
0.137913
0.137545
0.137177
0.13681
0.136443
0.136078
0.135712
0.135348
0.134984
0.13462
0.134258
0.133895
0.133534
0.133173
0.132812
0.132453
0.132094
0.131735
0.131377
0.13102
0.130663
0.130307
0.129951
0.129596
0.129242
0.128889
0.128535
0.128183
0.127831
0.12748
0.127129
0.126779
0.12643
0.126081
0.125733
0.125385
0.125038
0.124692
0.124346
0.124001
0.123657
0.123313
0.12297
0.122627
0.122285
0.121944
0.121603
0.121263
0.120923
0.120584
0.120246
0.119908
0.119571
0.119235
0.118899
0.118563
0.118229
0.117895
0.117561
0.117229
0.116896
0.116565
0.116234
0.115904
0.115574
0.115245
0.114916
0.114589
0.114261
0.113935
0.113609
0.113283
0.112959
0.112634
0.112311
0.111988
0.111666
0.111344
0.111023
0.110703
0.110383
0.110064
0.109745
0.109427
0.10911
0.108793
0.108477
0.108162
0.107847
0.107532
0.107219
0.106906
0.106593
0.106282
0.10597
0.10566
0.10535
0.105041
0.104732
0.104424
0.104116
0.10381
0.103503
0.103198
0.102893
0.102588
0.102285
0.101982
0.101679
0.101377
0.101076
0.100775
0.100475
0.100176
0.0998769
0.0995787
0.099281
0.0989841
0.0986877
0.0983919
0.0980968
0.0978023
0.0975083
0.0972151
0.0969224
0.0966303
0.0963388
0.096048
0.0957577
0.0954681
0.0951791
0.0948907
0.0946029
0.0943157
0.0940291
0.0937432
0.0934578
0.0931731
0.092889
0.0926054
0.0923225
0.0920402
0.0917585
0.0914774
0.0911969
0.0909171
0.0906378
0.0903592
0.0900811
0.0898036
0.0895268
0.0892506
0.0889749
0.0886999
0.0884255
0.0881517
0.0878785
0.0876058
0.0873338
0.0870624
0.0867916
0.0865214
0.0862518
0.0859828
0.0857145
0.0854467
0.0851795
0.0849129
0.0846469
0.0843815
0.0841167
0.0838525
0.0835889
0.0833259
0.0830634
0.0828016
0.0825404
0.0822798
0.0820198
0.0817603
0.0815015
0.0812433
0.0809856
0.0807285
0.0804721
0.0802162
0.0799609
0.0797062
0.0794521
0.0791986
0.0789457
0.0786934
0.0784416
0.0781905
0.0779399
0.0776899
0.0774405
0.0771917
0.0769435
0.0766959
0.0764488
0.0762023
0.0759565
0.0757112
0.0754664
0.0752223
0.0749787
0.0747358
0.0744934
0.0742516
0.0740103
0.0737697
0.0735296
0.0732901
0.0730512
0.0728128
0.0725751
0.0723379
0.0721012
0.0718652
0.0716297
0.0713948
0.0711605
0.0709268
0.0706936
0.070461
0.0702289
0.0699975
0.0697666
0.0695362
0.0693065
0.0690773
0.0688486
0.0686206
0.0683931
0.0681661
0.0679398
0.0677139
0.0674887
0.067264
0.0670399
0.0668164
0.0665934
0.0663709
0.066149
0.0659277
0.065707
0.0654867
0.0652671
0.065048
0.0648295
0.0646115
0.0643941
0.0641772
0.0639609
0.0637451
0.0635299
0.0633152
0.0631011
0.0628875
0.0626745
0.062462
0.0622501
0.0620387
0.0618279
0.0616176
0.0614079
0.0611987
0.06099
0.0607819
0.0605743
0.0603673
0.0601608
0.0599549
0.0597495
0.0595446
0.0593403
0.0591365
0.0589332
0.0587305
0.0585283
0.0583266
0.0581255
0.0579249
0.0577249
0.0575253
0.0573264
0.0571279
0.0569299
0.0567325
0.0565356
0.0563393
0.0561435
0.0559482
0.0557534
0.0555591
0.0553654
0.0551722
0.0549795
0.0547873
0.0545957
0.0544045
0.0542139
0.0540239
0.0538343
0.0536452
0.0534567
0.0532686
0.0530811
0.0528941
0.0527076
0.0525216
0.0523362
0.0521512
0.0519668
0.0517828
0.0515994
0.0514165
0.0512341
0.0510522
0.0508708
0.0506899
0.0505094
0.0503295
0.0501501
0.0499712
0.0497929
0.049615
0.0494376
0.0492606
0.0490842
0.0489083
0.0487329
0.048558
0.0483836
0.0482096
0.0480362
0.0478632
0.0476908
0.0475188
0.0473473
0.0471763
0.0470058
0.0468358
0.0466663
0.0464972
0.0463286
0.0461606
0.0459929
0.0458258
0.0456592
0.045493
0.0453273
0.0451621
0.0449974
0.0448331
0.0446694
0.0445061
0.0443432
0.0441809
0.044019
0.0438576
0.0436966
0.0435362
0.0433762
0.0432166
0.0430576
0.042899
0.0427408
0.0425832
0.042426
0.0422692
0.0421129
0.0419571
0.0418017
0.0416468
0.0414924
0.0413384
0.0411849
0.0410318
0.0408792
0.040727
0.0405753
0.0404241
0.0402733
0.0401229
0.039973
0.0398236
0.0396746
0.039526
0.0393779
0.0392302
0.039083
0.0389362
0.0387899
0.038644
0.0384986
0.0383536
0.038209
0.0380649
0.0379212
0.0377779
0.0376351
0.0374928
0.0373508
0.0372093
0.0370682
0.0369276
0.0367874
0.0366476
0.0365082
0.0363693
0.0362308
0.0360928
0.0359551
0.0358179
0.0356811
0.0355447
0.0354088
0.0352733
0.0351382
0.0350035
0.0348692
0.0347354
0.034602
0.0344689
0.0343364
0.0342042
0.0340724
0.0339411
0.0338101
0.0336796
0.0335495
0.0334198
0.0332905
0.0331616
0.0330331
0.032905
0.0327774
0.0326501
0.0325232
0.0323968
0.0322707
0.0321451
0.0320198
0.031895
0.0317705
0.0316464
0.0315228
0.0313995
0.0312766
0.0311542
0.0310321
0.0309104
0.0307891
0.0306682
0.0305477
0.0304275
0.0303078
0.0301884
0.0300695
0.0299509
0.0298327
0.0297149
0.0295974
0.0294804
0.0293637
0.0292474
0.0291315
0.029016
0.0289009
0.0287861
0.0286717
0.0285577
0.028444
0.0283308
0.0282179
0.0281053
0.0279932
0.0278814
0.02777
0.0276589
0.0275482
0.0274379
0.027328
0.0272184
0.0271092
0.0270003
0.0268918
0.0267837
0.0266759
0.0265685
0.0264614
0.0263547
0.0262484
0.0261424
0.0260368
0.0259315
0.0258266
0.025722
0.0256178
0.025514
0.0254104
0.0253073
0.0252045
0.025102
0.0249999
0.0248981
0.0247967
0.0246956
0.0245949
0.0244945
0.0243944
0.0242947
0.0241953
0.0240963
0.0239976
0.0238993
0.0238012
0.0237036
0.0236062
0.0235092
0.0234125
0.0233162
0.0232202
0.0231245
0.0230291
0.0229341
0.0228394
0.0227451
0.022651
0.0225573
0.0224639
0.0223709
0.0222781
0.0221857
0.0220936
0.0220018
0.0219104
0.0218192
0.0217284
0.0216379
0.0215477
0.0214579
0.0213683
0.0212791
0.0211902
0.0211016
0.0210133
0.0209253
0.0208376
0.0207503
0.0206632
0.0205765
0.02049
0.0204039
0.0203181
0.0202325
0.0201473
0.0200624
0.0199778
0.0198935
0.0198095
0.0197258
0.0196424
0.0195592
0.0194764
0.0193939
0.0193117
0.0192298
0.0191481
0.0190668
0.0189857
0.018905
0.0188245
0.0187443
0.0186645
0.0185849
0.0185056
0.0184265
0.0183478
0.0182694
0.0181912
0.0181133
0.0180357
0.0179584
0.0178814
0.0178046
0.0177282
0.017652
0.0175761
0.0175004
0.0174251
0.01735
0.0172752
0.0172007
0.0171264
0.0170524
0.0169787
0.0169053
0.0168321
0.0167592
0.0166866
0.0166142
0.0165421
0.0164703
0.0163987
0.0163275
0.0162564
0.0161857
0.0161152
0.0160449
0.0159749
0.0159052
0.0158358
0.0157666
0.0156976
0.015629
0.0155605
0.0154924
0.0154245
0.0153568
0.0152894
0.0152223
0.0151554
0.0150887
0.0150223
0.0149562
0.0148903
0.0148247
0.0147593
0.0146941
0.0146292
0.0145646
0.0145002
0.014436
0.0143721
0.0143084
0.014245
0.0141818
0.0141188
0.0140561
0.0139937
0.0139314
0.0138694
0.0138077
0.0137462
0.0136849
0.0136238
0.013563
0.0135025
0.0134421
0.013382
0.0133221
0.0132625
0.0132031
0.0131439
0.0130849
0.0130262
0.0129677
0.0129094
0.0128513
0.0127935
0.0127359
0.0126785
0.0126214
0.0125644
0.0125077
0.0124513
0.012395
0.0123389
0.0122831
0.0122275
0.0121721
0.0121169
0.012062
0.0120072
0.0119527
0.0118984
0.0118443
0.0117904
0.0117368
0.0116833
0.01163
0.011577
0.0115242
0.0114716
0.0114192
0.011367
0.011315
0.0112632
0.0112116
0.0111602
0.011109
0.0110581
0.0110073
0.0109567
0.0109064
0.0108562
0.0108063
0.0107565
0.0107069
0.0106576
0.0106084
0.0105595
0.0105107
0.0104621
0.0104137
0.0103656
0.0103176
0.0102698
0.0102222
0.0101748
0.0101275
0.0100805
0.0100337
0.00998704
0.00994058
0.00989431
0.00984823
0.00980234
0.00975664
0.00971112
0.00966578
0.00962063
0.00957567
0.00953089
0.00948629
0.00944188
0.00939764
0.00935359
0.00930972
0.00926603
0.00922251
0.00917918
0.00913603
0.00909305
0.00905025
0.00900763
0.00896518
0.0089229
0.00888081
0.00883888
0.00879713
0.00875555
0.00871415
0.00867291
0.00863185
0.00859096
0.00855024
0.00850968
0.0084693
0.00842908
0.00838903
0.00834916
0.00830944
0.00826989
0.00823051
0.00819129
0.00815224
0.00811334
0.00807462
0.00803605
0.00799765
0.00795941
0.00792133
0.00788341
0.00784565
0.00780805
0.0077706
0.00773332
0.00769619
0.00765922
0.00762241
0.00758575
0.00754925
0.0075129
0.0074767
0.00744067
0.00740478
0.00736905
0.00733346
0.00729803
0.00726275
0.00722762
0.00719264
0.00715782
0.00712313
0.0070886
0.00705422
0.00701998
0.00698589
0.00695195
0.00691815
0.00688449
0.00685098
0.00681762
0.0067844
0.00675132
0.00671838
0.00668559
0.00665294
0.00662043
0.00658806
0.00655583
0.00652374
0.00649179
0.00645997
0.0064283
0.00639676
0.00636536
0.0063341
0.00630297
0.00627198
0.00624113
0.0062104
0.00617981
0.00614936
0.00611904
0.00608885
0.00605879
0.00602887
0.00599907
0.00596941
0.00593988
0.00591047
0.0058812
0.00585205
0.00582303
0.00579414
0.00576538
0.00573675
0.00570824
0.00567985
0.0056516
0.00562346
0.00559546
0.00556757
0.00553981
0.00551217
0.00548466
0.00545727
0.00542999
0.00540284
0.00537582
0.00534891
0.00532212
0.00529545
0.0052689
0.00524247
0.00521615
0.00518996
0.00516388
0.00513792
0.00511207
0.00508634
0.00506073
0.00503523
0.00500984
0.00498457
0.00495942
0.00493437
0.00490944
0.00488462
0.00485992
0.00483532
0.00481084
0.00478646
0.0047622
0.00473805
0.00471401
0.00469007
0.00466625
0.00464253
0.00461892
0.00459541
0.00457202
0.00454873
0.00452554
0.00450247
0.00447949
0.00445663
0.00443386
0.00441121
0.00438865
0.0043662
0.00434385
0.0043216
0.00429945
0.00427741
0.00425547
0.00423363
0.00421188
0.00419024
0.0041687
0.00414726
0.00412592
0.00410467
0.00408352
0.00406247
0.00404152
0.00402067
0.00399991
0.00397924
0.00395868
0.00393821
0.00391783
0.00389755
0.00387736
0.00385727
0.00383727
0.00381736
0.00379755
0.00377782
0.00375819
0.00373865
0.00371921
0.00369985
0.00368058
0.00366141
0.00364232
0.00362332
0.00360442
0.0035856
0.00356687
0.00354823
0.00352967
0.0035112
0.00349282
0.00347453
0.00345632
0.0034382
0.00342016
0.00340221
0.00338434
0.00336656
0.00334887
0.00333125
0.00331372
0.00329627
0.00327891
0.00326163
0.00324442
0.00322731
0.00321027
0.00319331
0.00317644
0.00315964
0.00314293
0.00312629
0.00310974
0.00309326
0.00307686
0.00306054
0.0030443
0.00302814
0.00301205
0.00299604
0.00298011
0.00296425
0.00294847
0.00293277
0.00291714
0.00290159
0.00288611
0.00287071
0.00285538
0.00284012
0.00282494
0.00280983
0.0027948
0.00277984
0.00276495
0.00275013
0.00273538
0.00272071
0.0027061
0.00269157
0.00267711
0.00266272
0.0026484
0.00263415
0.00261996
0.00260585
0.00259181
0.00257783
0.00256392
0.00255008
0.00253631
0.00252261
0.00250897
0.0024954
0.00248189
0.00246845
0.00245508
0.00244178
0.00242853
0.00241536
0.00240225
0.0023892
0.00237622
0.0023633
0.00235044
0.00233765
0.00232493
0.00231226
0.00229966
0.00228712
0.00227464
0.00226222
0.00224987
0.00223757
0.00222534
0.00221317
0.00220106
0.00218901
0.00217701
0.00216508
0.00215321
0.0021414
0.00212964
0.00211795
0.00210631
0.00209473
0.00208321
0.00207175
0.00206034
0.00204899
0.0020377
0.00202646
0.00201528
0.00200416
0.00199309
0.00198208
0.00197113
0.00196022
0.00194938
0.00193859
0.00192785
0.00191717
0.00190654
0.00189596
0.00188544
0.00187497
0.00186455
0.00185419
0.00184388
0.00183362
0.00182341
0.00181326
0.00180316
0.0017931
0.0017831
0.00177315
0.00176325
0.0017534
0.00174361
0.00173386
0.00172416
0.00171451
0.00170491
0.00169535
0.00168585
0.0016764
0.00166699
0.00165764
0.00164833
0.00163906
0.00162985
0.00162068
0.00161156
0.00160249
0.00159346
0.00158448
0.00157555
0.00156666
0.00155782
0.00154902
0.00154027
0.00153157
0.00152291
0.00151429
0.00150572
0.00149719
0.00148871
0.00148027
0.00147188
0.00146352
0.00145522
0.00144695
0.00143873
0.00143055
0.00142241
0.00141432
0.00140627
0.00139826
0.00139029
0.00138236
0.00137447
0.00136663
0.00135883
0.00135106
0.00134334
0.00133566
0.00132802
0.00132042
0.00131286
0.00130533
0.00129785
0.00129041
0.001283
0.00127564
0.00126831
0.00126103
0.00125378
0.00124657
0.00123939
0.00123226
0.00122516
0.0012181
0.00121108
0.00120409
0.00119714
0.00119023
0.00118336
0.00117652
0.00116972
0.00116295
0.00115622
0.00114952
0.00114286
0.00113624
0.00112965
0.0011231
0.00111658
0.0011101
0.00110365
0.00109723
0.00109085
0.00108451
0.00107819
0.00107192
0.00106567
0.00105946
0.00105328
0.00104714
0.00104102
0.00103494
0.0010289
0.00102288
0.0010169
0.00101095
0.00100503
0.000999148
0.000993294
0.000987471
0.00098168
0.00097592
0.000970191
0.000964493
0.000958827
0.00095319
0.000947584
0.000942008
0.000936463
0.000930948
0.000925462
0.000920006
0.000914581
0.000909184
0.000903817
0.000898479
0.00089317
0.000887889
0.000882638
0.000877416
0.000872221
0.000867056
0.000861918
0.000856808
0.000851727
0.000846673
0.000841646
0.000836648
0.000831676
0.000826732
0.000821815
0.000816925
0.000812062
0.000807225
0.000802416
0.000797632
0.000792875
0.000788144
0.000783439
0.00077876
0.000774107
0.000769479
0.000764877
0.000760301
0.00075575
0.000751223
0.000746722
0.000742246
0.000737795
0.000733368
0.000728966
0.000724588
0.000720234
0.000715905
0.0007116
0.000707318
0.000703061
0.000698827
0.000694617
0.00069043
0.000686266
0.000682126
0.000678009
0.000673914
0.000669843
0.000665794
0.000661768
0.000657765
0.000653784
0.000649825
0.000645888
0.000641974
0.000638081
0.000634211
0.000630361
0.000626534
0.000622728
0.000618944
0.00061518
0.000611438
0.000607717
0.000604017
0.000600338
0.00059668
0.000593042
0.000589425
0.000585828
0.000582252
0.000578696
0.00057516
0.000571643
0.000568147
0.000564671
0.000561215
0.000557778
0.00055436
0.000550962
0.000547583
0.000544224
0.000540883
0.000537562
0.000534259
0.000530975
0.00052771
0.000524464
0.000521236
0.000518027
0.000514836
0.000511663
0.000508508
0.000505371
0.000502253
0.000499152
0.000496069
0.000493003
0.000489955
0.000486925
0.000483912
0.000480916
0.000477938
0.000474977
0.000472032
0.000469105
0.000466195
0.000463301
0.000460424
0.000457563
0.000454719
0.000451892
0.000449081
0.000446286
0.000443507
0.000440745
0.000437998
0.000435267
0.000432552
0.000429853
0.000427169
0.000424502
0.000421849
0.000419212
0.00041659
0.000413984
0.000411392
0.000408816
0.000406255
0.000403709
0.000401177
0.00039866
0.000396158
0.000393671
0.000391198
0.00038874
0.000386296
0.000383866
0.00038145
0.000379049
0.000376662
0.000374288
0.000371929
0.000369584
0.000367252
0.000364934
0.000362629
0.000360338
0.000358061
0.000355797
0.000353546
0.000351309
0.000349085
0.000346873
0.000344675
0.00034249
0.000340318
0.000338159
0.000336012
0.000333878
0.000331757
0.000329648
0.000327552
0.000325469
0.000323397
0.000321338
0.000319291
0.000317256
0.000315234
0.000313223
0.000311224
0.000309238
0.000307263
0.0003053
0.000303348
0.000301408
0.00029948
0.000297563
0.000295658
0.000293764
0.000291881
0.00029001
0.00028815
0.000286301
0.000284463
0.000282636
0.00028082
0.000279015
0.000277221
0.000275437
0.000273665
0.000271902
0.000270151
0.00026841
0.000266679
0.000264959
0.00026325
0.00026155
0.000259861
0.000258182
0.000256513
0.000254855
0.000253206
0.000251567
0.000249938
0.000248319
0.00024671
0.000245111
0.000243521
0.000241941
0.00024037
0.000238809
0.000237258
0.000235716
0.000234183
0.00023266
0.000231145
0.000229641
0.000228145
0.000226658
0.000225181
0.000223712
0.000222253
0.000220802
0.00021936
0.000217927
0.000216503
0.000215087
0.00021368
0.000212282
0.000210892
0.000209511
0.000208138
0.000206774
0.000205418
0.000204071
0.000202731
0.0002014
0.000200077
0.000198762
0.000197456
0.000196157
0.000194866
0.000193584
0.000192309
0.000191042
0.000189783
0.000188532
0.000187288
0.000186052
0.000184824
0.000183603
0.00018239
0.000181184
0.000179986
0.000178796
0.000177612
0.000176436
0.000175268
0.000174106
0.000172952
0.000171805
0.000170665
0.000169532
0.000168407
0.000167288
0.000166176
0.000165071
0.000163973
0.000162882
0.000161798
0.00016072
0.000159649
0.000158585
0.000157528
0.000156477
0.000155433
0.000154395
0.000153364
0.000152339
0.000151321
0.000150309
0.000149303
0.000148304
0.000147311
0.000146324
0.000145344
0.00014437
0.000143401
0.000142439
0.000141483
0.000140533
0.000139589
0.000138651
0.000137719
0.000136793
0.000135872
0.000134957
0.000134049
0.000133146
0.000132248
0.000131357
0.000130471
0.00012959
0.000128715
0.000127846
0.000126982
0.000126124
0.000125271
0.000124424
0.000123582
0.000122745
0.000121914
0.000121088
0.000120267
0.000119451
0.000118641
0.000117836
0.000117036
0.000116241
0.000115451
0.000114666
0.000113887
0.000113112
0.000112342
0.000111577
0.000110817
0.000110062
0.000109312
0.000108566
0.000107826
0.00010709
0.000106358
0.000105632
0.00010491
0.000104193
0.00010348
0.000102772
0.000102069
0.00010137
0.000100676
9.99857e-05
9.93002e-05
9.86192e-05
9.79425e-05
9.72703e-05
9.66024e-05
9.59388e-05
9.52794e-05
9.46244e-05
9.39736e-05
9.3327e-05
9.26847e-05
9.20464e-05
9.14124e-05
9.07824e-05
9.01566e-05
8.95348e-05
8.8917e-05
8.83032e-05
8.76935e-05
8.70877e-05
8.64859e-05
8.5888e-05
8.52939e-05
8.47038e-05
8.41175e-05
8.3535e-05
8.29563e-05
8.23814e-05
8.18103e-05
8.12429e-05
8.06792e-05
8.01192e-05
7.95629e-05
7.90101e-05
7.84611e-05
7.79157e-05
7.73738e-05
7.68354e-05
7.63006e-05
7.57693e-05
7.52415e-05
7.47172e-05
7.41963e-05
7.36789e-05
7.31648e-05
7.26541e-05
7.21468e-05
7.16428e-05
7.11422e-05
7.06449e-05
7.01508e-05
6.966e-05
6.91724e-05
6.86882e-05
6.8207e-05
6.77291e-05
6.72543e-05
6.67827e-05
6.63142e-05
6.58487e-05
6.53864e-05
6.49271e-05
6.44709e-05
6.40177e-05
6.35676e-05
6.31204e-05
6.26762e-05
6.22349e-05
6.17966e-05
6.13611e-05
6.09286e-05
6.0499e-05
6.00722e-05
5.96483e-05
5.92272e-05
5.88089e-05
5.83934e-05
5.79807e-05
5.75707e-05
5.71635e-05
5.6759e-05
5.63572e-05
5.59581e-05
5.55616e-05
5.51679e-05
5.47767e-05
5.43882e-05
5.40023e-05
5.3619e-05
5.32382e-05
5.286e-05
5.24844e-05
5.21112e-05
5.17406e-05
5.13725e-05
5.10069e-05
5.06437e-05
5.02829e-05
4.99246e-05
4.95687e-05
4.92152e-05
4.88641e-05
4.85154e-05
4.8169e-05
4.7825e-05
4.74832e-05
4.71438e-05
4.68067e-05
4.64719e-05
4.61393e-05
4.5809e-05
4.54809e-05
4.51551e-05
4.48314e-05
4.451e-05
4.41908e-05
4.38736e-05
4.35587e-05
4.32459e-05
4.29352e-05
4.26267e-05
4.23203e-05
4.20159e-05
4.17136e-05
4.14133e-05
4.11152e-05
4.0819e-05
4.05249e-05
4.02327e-05
3.99426e-05
3.96545e-05
3.93683e-05
3.9084e-05
3.88017e-05
3.85214e-05
3.8243e-05
3.79665e-05
3.76918e-05
3.74191e-05
3.71482e-05
3.68792e-05
3.6612e-05
3.63467e-05
3.60832e-05
3.58215e-05
3.55616e-05
3.53035e-05
3.50471e-05
3.47925e-05
3.45397e-05
3.42886e-05
3.40393e-05
3.37917e-05
3.35457e-05
3.33015e-05
3.3059e-05
3.28181e-05
3.25789e-05
3.23414e-05
3.21055e-05
3.18712e-05
3.16386e-05
3.14075e-05
3.11781e-05
3.09502e-05
3.0724e-05
3.04993e-05
3.02761e-05
3.00545e-05
2.98345e-05
2.9616e-05
2.9399e-05
2.91835e-05
2.89695e-05
2.8757e-05
2.8546e-05
2.83364e-05
2.81283e-05
2.79217e-05
2.77165e-05
2.75127e-05
2.73103e-05
2.71094e-05
2.69099e-05
2.67117e-05
2.6515e-05
2.63196e-05
2.61256e-05
2.59329e-05
2.57416e-05
2.55517e-05
2.5363e-05
2.51757e-05
2.49897e-05
2.4805e-05
2.46217e-05
2.44396e-05
2.42587e-05
2.40792e-05
2.39009e-05
2.37238e-05
2.35481e-05
2.33735e-05
2.32002e-05
2.30281e-05
2.28572e-05
2.26875e-05
2.2519e-05
2.23517e-05
2.21856e-05
2.20207e-05
2.18569e-05
2.16942e-05
2.15328e-05
2.13725e-05
2.12133e-05
2.10552e-05
2.08982e-05
2.07424e-05
2.05877e-05
2.04341e-05
2.02815e-05
2.01301e-05
1.99797e-05
1.98304e-05
1.96821e-05
1.95349e-05
1.93887e-05
1.92436e-05
1.90996e-05
1.89565e-05
1.88145e-05
1.86735e-05
1.85334e-05
1.83944e-05
1.82564e-05
1.81194e-05
1.79833e-05
1.78482e-05
1.77141e-05
1.75809e-05
1.74487e-05
1.73174e-05
1.71871e-05
1.70577e-05
1.69293e-05
1.68017e-05
1.66751e-05
1.65494e-05
1.64245e-05
1.63006e-05
1.61776e-05
1.60554e-05
1.59342e-05
1.58138e-05
1.56942e-05
1.55756e-05
1.54577e-05
1.53408e-05
1.52246e-05
1.51093e-05
1.49949e-05
1.48813e-05
1.47685e-05
1.46565e-05
1.45453e-05
1.44349e-05
1.43253e-05
1.42165e-05
1.41085e-05
1.40013e-05
1.38948e-05
1.37891e-05
1.36842e-05
1.35801e-05
1.34767e-05
1.3374e-05
1.32721e-05
1.3171e-05
1.30705e-05
1.29708e-05
1.28719e-05
1.27736e-05
1.26761e-05
1.25792e-05
1.24831e-05
1.23877e-05
1.2293e-05
1.21989e-05
1.21056e-05
1.20129e-05
1.19209e-05
1.18296e-05
1.17389e-05
1.16489e-05
1.15596e-05
1.14709e-05
1.13829e-05
1.12955e-05
1.12087e-05
1.11226e-05
1.10371e-05
1.09523e-05
1.0868e-05
1.07844e-05
1.07014e-05
1.0619e-05
1.05372e-05
1.04561e-05
1.03755e-05
1.02955e-05
1.02161e-05
1.01372e-05
1.0059e-05
9.98131e-06
9.90421e-06
9.82768e-06
9.75172e-06
9.67631e-06
9.60147e-06
9.52717e-06
9.45342e-06
9.38022e-06
9.30755e-06
9.23543e-06
9.16384e-06
9.09279e-06
9.02225e-06
8.95223e-06
8.88274e-06
8.81376e-06
8.7453e-06
8.67733e-06
8.60988e-06
8.54292e-06
8.47647e-06
8.4105e-06
8.34503e-06
8.28004e-06
8.21553e-06
8.15151e-06
8.08796e-06
8.02488e-06
7.96228e-06
7.90014e-06
7.83847e-06
7.77725e-06
7.71649e-06
7.65618e-06
7.59634e-06
7.53693e-06
7.47796e-06
7.41944e-06
7.36135e-06
7.3037e-06
7.24648e-06
7.18969e-06
7.13332e-06
7.07738e-06
7.02185e-06
6.96674e-06
6.91205e-06
6.85776e-06
6.80388e-06
6.75041e-06
6.69734e-06
6.64466e-06
6.59239e-06
6.54051e-06
6.48901e-06
6.43791e-06
6.38719e-06
6.33685e-06
6.28688e-06
6.2373e-06
6.18809e-06
6.13925e-06
6.09078e-06
6.04268e-06
5.99494e-06
5.94756e-06
5.90054e-06
5.85387e-06
5.80756e-06
5.76159e-06
5.71598e-06
5.67071e-06
5.62578e-06
5.5812e-06
5.53695e-06
5.49303e-06
5.44945e-06
5.40621e-06
5.36329e-06
5.32069e-06
5.27842e-06
5.23647e-06
5.19484e-06
5.15352e-06
5.11253e-06
5.07184e-06
5.03146e-06
4.99139e-06
4.95162e-06
4.91216e-06
4.873e-06
4.83414e-06
4.79557e-06
4.7573e-06
4.71932e-06
4.68164e-06
4.64423e-06
4.60712e-06
4.57029e-06
4.53374e-06
4.49747e-06
4.46148e-06
4.42577e-06
4.39033e-06
4.35515e-06
4.32025e-06
4.28562e-06
4.25125e-06
4.21715e-06
4.18331e-06
4.14973e-06
4.11641e-06
4.08334e-06
4.05053e-06
4.01797e-06
3.98566e-06
3.9536e-06
3.92179e-06
3.89022e-06
3.85889e-06
3.82781e-06
3.79697e-06
3.76636e-06
3.73599e-06
3.70586e-06
3.67596e-06
3.64629e-06
3.61685e-06
3.58764e-06
3.55865e-06
3.52989e-06
3.50135e-06
3.47303e-06
3.44493e-06
3.41705e-06
3.38938e-06
3.36193e-06
3.33469e-06
3.30767e-06
3.28085e-06
3.25424e-06
3.22784e-06
3.20165e-06
3.17566e-06
3.14987e-06
3.12428e-06
3.09889e-06
3.0737e-06
3.0487e-06
3.0239e-06
2.99929e-06
2.97488e-06
2.95065e-06
2.92662e-06
2.90277e-06
2.87911e-06
2.85563e-06
2.83234e-06
2.80923e-06
2.7863e-06
2.76355e-06
2.74098e-06
2.71858e-06
2.69636e-06
2.67431e-06
2.65244e-06
2.63074e-06
2.60921e-06
2.58785e-06
2.56665e-06
2.54563e-06
2.52476e-06
2.50406e-06
2.48353e-06
2.46316e-06
2.44294e-06
2.42289e-06
2.40299e-06
2.38325e-06
2.36367e-06
2.34424e-06
2.32496e-06
2.30584e-06
2.28686e-06
2.26804e-06
2.24936e-06
2.23084e-06
2.21246e-06
2.19422e-06
2.17613e-06
2.15818e-06
2.14037e-06
2.12271e-06
2.10518e-06
2.0878e-06
2.07055e-06
2.05344e-06
2.03646e-06
2.01962e-06
2.00291e-06
1.98634e-06
1.9699e-06
1.95358e-06
1.9374e-06
1.92135e-06
1.90542e-06
1.88962e-06
1.87395e-06
1.8584e-06
1.84297e-06
1.82767e-06
1.81249e-06
1.79743e-06
1.7825e-06
1.76768e-06
1.75298e-06
1.73839e-06
1.72392e-06
1.70957e-06
1.69534e-06
1.68121e-06
1.6672e-06
1.65331e-06
1.63952e-06
1.62584e-06
1.61228e-06
1.59882e-06
1.58547e-06
1.57223e-06
1.55909e-06
1.54606e-06
1.53313e-06
1.52031e-06
1.50759e-06
1.49498e-06
1.48246e-06
1.47004e-06
1.45773e-06
1.44551e-06
1.4334e-06
1.42138e-06
1.40946e-06
1.39763e-06
1.3859e-06
1.37426e-06
1.36272e-06
1.35127e-06
1.33991e-06
1.32864e-06
1.31747e-06
1.30639e-06
1.29539e-06
1.28449e-06
1.27367e-06
1.26294e-06
1.2523e-06
1.24174e-06
1.23127e-06
1.22089e-06
1.21058e-06
1.20037e-06
1.19023e-06
1.18018e-06
1.17021e-06
1.16032e-06
1.15051e-06
1.14078e-06
1.13113e-06
1.12155e-06
1.11206e-06
1.10264e-06
1.0933e-06
1.08404e-06
1.07485e-06
1.06574e-06
1.0567e-06
1.04773e-06
1.03884e-06
1.03002e-06
1.02127e-06
1.01259e-06
1.00399e-06
9.95454e-07
9.86988e-07
9.78592e-07
9.70265e-07
9.62006e-07
9.53814e-07
9.45691e-07
9.37633e-07
9.29642e-07
9.21715e-07
9.13854e-07
9.06057e-07
8.98325e-07
8.90656e-07
8.8305e-07
8.75506e-07
8.68026e-07
8.60606e-07
8.53246e-07
8.45949e-07
8.3871e-07
8.31532e-07
8.24412e-07
8.17352e-07
8.10349e-07
8.03404e-07
7.96517e-07
7.89686e-07
7.82912e-07
7.76194e-07
7.69531e-07
7.62924e-07
7.56371e-07
7.49872e-07
7.43427e-07
7.37036e-07
7.30697e-07
7.2441e-07
7.18177e-07
7.11994e-07
7.05863e-07
6.99782e-07
6.93753e-07
6.87772e-07
6.81842e-07
6.75962e-07
6.70129e-07
6.64346e-07
6.5861e-07
6.52922e-07
6.47282e-07
6.41688e-07
6.36141e-07
6.30641e-07
6.25186e-07
6.19776e-07
6.14412e-07
6.09092e-07
6.03817e-07
5.98586e-07
5.93398e-07
5.88254e-07
5.83152e-07
5.78094e-07
5.73078e-07
5.68103e-07
5.6317e-07
5.58278e-07
5.53428e-07
5.48618e-07
5.43849e-07
5.39119e-07
5.34429e-07
5.29778e-07
5.25166e-07
5.20594e-07
5.16059e-07
5.11563e-07
5.07104e-07
5.02682e-07
4.98298e-07
4.93951e-07
4.8964e-07
4.85366e-07
4.81127e-07
4.76925e-07
4.72757e-07
4.68625e-07
4.64528e-07
4.60464e-07
4.56436e-07
4.52442e-07
4.48481e-07
4.44553e-07
4.40659e-07
4.36797e-07
4.32969e-07
4.29172e-07
4.25408e-07
4.21676e-07
4.17975e-07
4.14305e-07
4.10667e-07
4.07059e-07
4.03482e-07
3.99935e-07
3.96419e-07
3.92932e-07
3.89474e-07
3.86047e-07
3.82648e-07
3.79278e-07
3.75937e-07
3.72624e-07
3.69339e-07
3.66082e-07
3.62853e-07
3.59652e-07
3.56477e-07
3.5333e-07
3.5021e-07
3.47116e-07
3.44048e-07
3.41007e-07
3.37992e-07
3.35002e-07
3.32038e-07
3.29099e-07
3.26185e-07
3.23296e-07
3.20432e-07
3.17593e-07
3.14777e-07
3.11986e-07
3.09218e-07
3.06475e-07
3.03755e-07
3.01058e-07
2.98384e-07
2.95733e-07
2.93105e-07
2.905e-07
2.87916e-07
2.85356e-07
2.82817e-07
2.803e-07
2.77804e-07
2.7533e-07
2.72877e-07
2.70445e-07
2.68034e-07
2.65644e-07
2.63275e-07
2.60926e-07
2.58597e-07
2.56288e-07
2.53999e-07
2.5173e-07
2.49481e-07
2.47251e-07
2.4504e-07
2.42848e-07
2.40675e-07
2.38521e-07
2.36386e-07
2.34269e-07
2.3217e-07
2.3009e-07
2.28027e-07
2.25983e-07
2.23956e-07
2.21947e-07
2.19954e-07
2.1798e-07
2.16022e-07
2.14082e-07
2.12158e-07
2.10251e-07
2.08361e-07
2.06487e-07
2.04629e-07
2.02787e-07
2.00962e-07
1.99152e-07
1.97358e-07
1.9558e-07
1.93817e-07
1.9207e-07
1.90337e-07
1.8862e-07
1.86918e-07
1.85231e-07
1.83558e-07
1.819e-07
1.80257e-07
1.78628e-07
1.77013e-07
1.75412e-07
1.73825e-07
1.72252e-07
1.70693e-07
1.69147e-07
1.67615e-07
1.66097e-07
1.64591e-07
1.63099e-07
1.6162e-07
1.60154e-07
1.58701e-07
1.5726e-07
1.55832e-07
1.54417e-07
1.53014e-07
1.51624e-07
1.50246e-07
1.48879e-07
1.47525e-07
1.46183e-07
1.44852e-07
1.43534e-07
1.42226e-07
1.40931e-07
1.39647e-07
1.38374e-07
1.37112e-07
1.35861e-07
1.34622e-07
1.33393e-07
1.32176e-07
1.30969e-07
1.29772e-07
1.28587e-07
1.27411e-07
1.26246e-07
1.25092e-07
1.23948e-07
1.22813e-07
1.21689e-07
1.20575e-07
1.19471e-07
1.18376e-07
1.17291e-07
1.16216e-07
1.1515e-07
1.14094e-07
1.13047e-07
1.12009e-07
1.10981e-07
1.09962e-07
1.08952e-07
1.0795e-07
1.06958e-07
1.05975e-07
1.05e-07
1.04034e-07
1.03076e-07
1.02127e-07
1.01187e-07
1.00255e-07
9.93311e-08
9.84155e-08
9.75082e-08
9.66089e-08
9.57176e-08
9.48344e-08
9.3959e-08
9.30914e-08
9.22316e-08
9.13794e-08
9.05349e-08
8.9698e-08
8.88685e-08
8.80465e-08
8.72318e-08
8.64245e-08
8.56243e-08
8.48314e-08
8.40455e-08
8.32667e-08
8.24949e-08
8.173e-08
8.09719e-08
8.02207e-08
7.94762e-08
7.87385e-08
7.80074e-08
7.72827e-08
7.65647e-08
7.58531e-08
7.51479e-08
7.44491e-08
7.37565e-08
7.30702e-08
7.23901e-08
7.17161e-08
7.10482e-08
7.03863e-08
6.97304e-08
6.90804e-08
6.84363e-08
6.7798e-08
6.71654e-08
6.65386e-08
6.59174e-08
6.53019e-08
6.46919e-08
6.40875e-08
6.34885e-08
6.28949e-08
6.23068e-08
6.17239e-08
6.11463e-08
6.05739e-08
6.00068e-08
5.94448e-08
5.88879e-08
5.83361e-08
5.77893e-08
5.72474e-08
5.67104e-08
5.61784e-08
5.56512e-08
5.51288e-08
5.4611e-08
5.40981e-08
5.35898e-08
5.30861e-08
5.25871e-08
5.20925e-08
5.16025e-08
5.11169e-08
5.06358e-08
5.0159e-08
4.96866e-08
4.92185e-08
4.87547e-08
4.82952e-08
4.78398e-08
4.73886e-08
4.69415e-08
4.64986e-08
4.60596e-08
4.56247e-08
4.51937e-08
4.47667e-08
4.43436e-08
4.39244e-08
4.35091e-08
4.30975e-08
4.26898e-08
4.22857e-08
4.18854e-08
4.14887e-08
4.10957e-08
4.07063e-08
4.03204e-08
3.99381e-08
3.95594e-08
3.91841e-08
3.88123e-08
3.84438e-08
3.80789e-08
3.77171e-08
3.73588e-08
3.70038e-08
3.66521e-08
3.63035e-08
3.59583e-08
3.56161e-08
3.52772e-08
3.49413e-08
3.46086e-08
3.4279e-08
3.39524e-08
3.36288e-08
3.33082e-08
3.29905e-08
3.26759e-08
3.2364e-08
3.20552e-08
3.17491e-08
3.14459e-08
3.11455e-08
3.08479e-08
3.05531e-08
3.02609e-08
2.99716e-08
2.96848e-08
2.94008e-08
2.91193e-08
2.88405e-08
2.85643e-08
2.82907e-08
2.80195e-08
2.77509e-08
2.74849e-08
2.72213e-08
2.69601e-08
2.67014e-08
2.64451e-08
2.61911e-08
2.59396e-08
2.56904e-08
2.54435e-08
2.51988e-08
2.49565e-08
2.47165e-08
2.44787e-08
2.42431e-08
2.40097e-08
2.37785e-08
2.35495e-08
2.33226e-08
2.30978e-08
2.28751e-08
2.26545e-08
2.2436e-08
2.22195e-08
2.2005e-08
2.17926e-08
2.15821e-08
2.13736e-08
2.11671e-08
2.09625e-08
2.07599e-08
2.05591e-08
2.03602e-08
2.01632e-08
1.9968e-08
1.97747e-08
1.95832e-08
1.93935e-08
1.92056e-08
1.90194e-08
1.8835e-08
1.86523e-08
1.84714e-08
1.82921e-08
1.81145e-08
1.79387e-08
1.77644e-08
1.75919e-08
1.74209e-08
1.72516e-08
1.70838e-08
1.69177e-08
1.67531e-08
1.659e-08
1.64285e-08
1.62686e-08
1.61101e-08
1.59532e-08
1.57977e-08
1.56437e-08
1.54912e-08
1.53401e-08
1.51904e-08
1.50422e-08
1.48954e-08
1.47499e-08
1.46058e-08
1.44631e-08
1.43218e-08
1.41818e-08
1.40431e-08
1.39058e-08
1.37697e-08
1.36349e-08
1.35015e-08
1.33693e-08
1.32383e-08
1.31086e-08
1.29801e-08
1.28529e-08
1.27269e-08
1.2602e-08
1.24784e-08
1.23559e-08
1.22346e-08
1.21145e-08
1.19955e-08
1.18776e-08
1.17609e-08
1.16453e-08
1.15308e-08
1.14174e-08
1.1305e-08
1.11938e-08
1.10836e-08
1.09745e-08
1.08664e-08
1.07593e-08
1.06532e-08
1.05482e-08
1.04442e-08
1.03412e-08
1.02392e-08
1.01381e-08
1.0038e-08
9.93892e-09
9.84076e-09
9.74353e-09
9.64724e-09
9.55186e-09
9.45741e-09
9.36386e-09
9.27122e-09
9.17947e-09
9.0886e-09
8.99861e-09
8.90948e-09
8.8212e-09
8.73379e-09
8.6472e-09
8.56147e-09
8.47655e-09
8.39245e-09
8.30916e-09
8.22667e-09
8.14498e-09
8.06409e-09
7.98397e-09
7.90463e-09
7.82605e-09
7.74824e-09
7.67117e-09
7.59485e-09
7.51927e-09
7.44442e-09
7.3703e-09
7.29689e-09
7.22419e-09
7.15221e-09
7.08091e-09
7.01031e-09
6.94039e-09
6.87115e-09
6.80258e-09
6.73469e-09
6.66744e-09
6.60085e-09
6.53491e-09
6.46961e-09
6.40494e-09
6.3409e-09
6.27748e-09
6.21469e-09
6.15249e-09
6.09091e-09
6.02994e-09
5.96954e-09
5.90975e-09
5.85053e-09
5.79188e-09
5.73381e-09
5.67632e-09
5.61937e-09
5.56299e-09
5.50716e-09
5.45187e-09
5.39712e-09
5.3429e-09
5.28922e-09
5.23607e-09
5.18342e-09
5.13129e-09
5.07968e-09
5.02857e-09
4.97797e-09
4.92785e-09
4.87823e-09
4.82909e-09
4.78044e-09
4.73226e-09
4.68455e-09
4.63732e-09
4.59055e-09
4.54423e-09
4.49837e-09
4.45296e-09
4.408e-09
4.36348e-09
4.31939e-09
4.27574e-09
4.23252e-09
4.18973e-09
4.14736e-09
4.1054e-09
4.06385e-09
4.02272e-09
3.98199e-09
3.94166e-09
3.90173e-09
3.86219e-09
3.82305e-09
3.78429e-09
3.74591e-09
3.70792e-09
3.67029e-09
3.63304e-09
3.59615e-09
3.55964e-09
3.52348e-09
3.48768e-09
3.45223e-09
3.41714e-09
3.38239e-09
3.34798e-09
3.31392e-09
3.2802e-09
3.2468e-09
3.21374e-09
3.18101e-09
3.1486e-09
3.11652e-09
3.08475e-09
3.0533e-09
3.02215e-09
2.99132e-09
2.9608e-09
2.93057e-09
2.90066e-09
2.87103e-09
2.8417e-09
2.81266e-09
2.78392e-09
2.75545e-09
2.72727e-09
2.69938e-09
2.67176e-09
2.64441e-09
2.61734e-09
2.59054e-09
2.564e-09
2.53773e-09
2.51173e-09
2.48597e-09
2.46048e-09
2.43525e-09
2.41026e-09
2.38553e-09
2.36104e-09
2.3368e-09
2.3128e-09
2.28904e-09
2.26552e-09
2.24223e-09
2.21918e-09
2.19635e-09
2.17376e-09
2.15139e-09
2.12925e-09
2.10733e-09
2.08563e-09
2.06414e-09
2.04288e-09
2.02182e-09
2.00098e-09
1.98034e-09
1.95992e-09
1.9397e-09
1.91968e-09
1.89986e-09
1.88025e-09
1.86083e-09
1.8416e-09
1.82257e-09
1.80373e-09
1.78508e-09
1.76662e-09
1.74835e-09
1.73025e-09
1.71235e-09
1.69462e-09
1.67707e-09
1.6597e-09
1.6425e-09
1.62548e-09
1.60863e-09
1.59195e-09
1.57544e-09
1.55909e-09
1.54291e-09
1.52689e-09
1.51104e-09
1.49535e-09
1.47981e-09
1.46443e-09
1.44921e-09
1.43415e-09
1.41923e-09
1.40447e-09
1.38985e-09
1.37539e-09
1.36107e-09
1.3469e-09
1.33287e-09
1.31898e-09
1.30523e-09
1.29163e-09
1.27816e-09
1.26483e-09
1.25163e-09
1.23857e-09
1.22564e-09
1.21285e-09
1.20018e-09
1.18764e-09
1.17523e-09
1.16295e-09
1.15079e-09
1.13875e-09
1.12684e-09
1.11505e-09
1.10338e-09
1.09183e-09
1.0804e-09
1.06908e-09
1.05788e-09
1.0468e-09
1.03583e-09
1.02496e-09
1.01422e-09
1.00358e-09
9.93045e-10
9.82622e-10
9.72306e-10
9.62095e-10
9.5199e-10
9.41987e-10
9.32088e-10
9.22289e-10
9.12591e-10
9.02992e-10
8.93492e-10
8.8409e-10
8.74784e-10
8.65573e-10
8.56456e-10
8.47435e-10
8.38505e-10
8.29668e-10
8.2092e-10
8.12264e-10
8.03695e-10
7.95216e-10
7.86824e-10
7.78518e-10
7.70297e-10
7.62161e-10
7.54109e-10
7.4614e-10
7.38254e-10
7.30448e-10
7.22723e-10
7.15078e-10
7.07512e-10
7.00023e-10
6.92612e-10
6.85278e-10
6.7802e-10
6.70837e-10
6.63727e-10
6.5669e-10
6.49728e-10
6.42837e-10
6.36018e-10
6.29269e-10
6.22589e-10
6.15979e-10
6.09437e-10
6.02965e-10
5.96558e-10
5.90217e-10
5.83943e-10
5.77734e-10
5.71589e-10
5.65508e-10
5.5949e-10
5.53534e-10
5.47641e-10
5.41809e-10
5.36038e-10
5.30325e-10
5.24674e-10
5.1908e-10
5.13544e-10
5.08067e-10
5.02646e-10
4.97282e-10
4.91975e-10
4.86722e-10
4.81523e-10
4.76379e-10
4.71289e-10
4.66252e-10
4.61266e-10
4.56333e-10
4.51453e-10
4.46622e-10
4.41842e-10
4.37113e-10
4.32432e-10
4.27801e-10
4.23218e-10
4.18683e-10
4.14195e-10
4.09754e-10
4.0536e-10
4.01012e-10
3.96709e-10
3.92452e-10
3.88239e-10
3.8407e-10
3.79945e-10
3.75863e-10
3.71824e-10
3.67827e-10
3.63873e-10
3.5996e-10
3.56088e-10
3.52256e-10
3.48464e-10
3.44714e-10
3.41002e-10
3.37329e-10
3.33695e-10
3.30098e-10
3.26541e-10
3.2302e-10
3.19536e-10
3.16089e-10
3.12679e-10
3.09304e-10
3.05965e-10
3.02661e-10
2.99392e-10
2.96157e-10
2.92957e-10
2.89791e-10
2.86657e-10
2.83557e-10
2.8049e-10
2.77455e-10
2.74452e-10
2.71481e-10
2.68541e-10
2.65632e-10
2.62754e-10
2.59907e-10
2.5709e-10
2.54302e-10
2.51545e-10
2.48816e-10
2.46116e-10
2.43445e-10
2.40802e-10
2.38188e-10
2.356e-10
2.33041e-10
2.30508e-10
2.28003e-10
2.25524e-10
2.23071e-10
2.20645e-10
2.18244e-10
2.15869e-10
2.13519e-10
2.11194e-10
2.08894e-10
2.06618e-10
2.04366e-10
2.02139e-10
1.99935e-10
1.97755e-10
1.95597e-10
1.93463e-10
1.91352e-10
1.89263e-10
1.87196e-10
1.85152e-10
1.83129e-10
1.81128e-10
1.79148e-10
1.7719e-10
1.75252e-10
1.73335e-10
1.71438e-10
1.69562e-10
1.67706e-10
1.6587e-10
1.64053e-10
1.62256e-10
1.60478e-10
1.58719e-10
1.56979e-10
1.55258e-10
1.53555e-10
1.5187e-10
1.50204e-10
1.48555e-10
1.46924e-10
1.4531e-10
1.43714e-10
1.42135e-10
1.40573e-10
1.39027e-10
1.37499e-10
1.35986e-10
1.3449e-10
1.3301e-10
1.31546e-10
1.30098e-10
1.28665e-10
1.27248e-10
1.25846e-10
1.24459e-10
1.23087e-10
1.2173e-10
1.20387e-10
1.19059e-10
1.17745e-10
1.16446e-10
1.1516e-10
1.13888e-10
1.12631e-10
