1.0125
1.00751
1.00255
0.997612
0.992699
0.98781
0.982946
0.978105
0.973289
0.968498
0.96373
0.958985
0.954265
0.949568
0.944894
0.940244
0.935616
0.931012
0.926431
0.921873
0.917338
0.912825
0.908334
0.903866
0.899421
0.894997
0.890596
0.886216
0.881858
0.877522
0.873208
0.868915
0.864644
0.860394
0.856165
0.851957
0.84777
0.843604
0.839459
0.835335
0.831231
0.827147
0.823084
0.819042
0.815019
0.811016
0.807034
0.803071
0.799128
0.795205
0.791301
0.787417
0.783552
0.779706
0.77588
0.772072
0.768284
0.764514
0.760764
0.757032
0.753318
0.749623
0.745947
0.742289
0.738649
0.735028
0.731424
0.727838
0.72427
0.720721
0.717188
0.713674
0.710177
0.706697
0.703234
0.699789
0.696362
0.692951
0.689557
0.68618
0.68282
0.679477
0.67615
0.67284
0.669547
0.66627
0.663009
0.659765
0.656537
0.653324
0.650128
0.646948
0.643784
0.640635
0.637502
0.634385
0.631284
0.628197
0.625127
0.622071
0.619031
0.616006
0.612996
0.610001
0.607021
0.604056
0.601105
0.59817
0.595249
0.592342
0.58945
0.586572
0.583709
0.58086
0.578026
0.575205
0.572399
0.569606
0.566828
0.564063
0.561312
0.558575
0.555851
0.553141
0.550445
0.547762
0.545092
0.542436
0.539793
0.537163
0.534546
0.531942
0.529352
0.526774
0.524209
0.521657
0.519117
0.516591
0.514076
0.511575
0.509086
0.506609
0.504145
0.501692
0.499253
0.496825
0.494409
0.492006
0.489614
0.487235
0.484867
0.482511
0.480167
0.477834
0.475513
0.473204
0.470906
0.46862
0.466345
0.464082
0.461829
0.459588
0.457358
0.45514
0.452932
0.450735
0.44855
0.446375
0.444211
0.442058
0.439915
0.437784
0.435663
0.433552
0.431452
0.429362
0.427283
0.425215
0.423156
0.421108
0.41907
0.417042
0.415025
0.413017
0.41102
0.409032
0.407054
0.405086
0.403128
0.40118
0.399242
0.397313
0.395393
0.393484
0.391584
0.389693
0.387812
0.38594
0.384077
0.382224
0.38038
0.378545
0.37672
0.374903
0.373096
0.371297
0.369508
0.367727
0.365955
0.364192
0.362438
0.360693
0.358956
0.357228
0.355509
0.353798
0.352096
0.350402
0.348717
0.34704
0.345372
0.343712
0.34206
0.340416
0.33878
0.337153
0.335534
0.333923
0.33232
0.330725
0.329137
0.327558
0.325987
0.324423
0.322868
0.32132
0.319779
0.318247
0.316722
0.315205
0.313695
0.312193
0.310698
0.309211
0.307731
0.306258
0.304793
0.303336
0.301885
0.300442
0.299006
0.297577
0.296155
0.29474
0.293333
0.291932
0.290538
0.289151
0.287772
0.286399
0.285033
0.283673
0.282321
0.280975
0.279636
0.278304
0.276978
0.275659
0.274347
0.273041
0.271741
0.270448
0.269162
0.267882
0.266608
0.265341
0.26408
0.262825
0.261576
0.260334
0.259098
0.257868
0.256644
0.255427
0.254215
0.25301
0.25181
0.250617
0.249429
0.248247
0.247072
0.245902
0.244738
0.243579
0.242427
0.24128
0.240139
0.239004
0.237874
0.23675
0.235631
0.234519
0.233411
0.23231
0.231213
0.230122
0.229037
0.227957
0.226883
0.225813
0.224749
0.223691
0.222638
0.22159
0.220547
0.219509
0.218477
0.217449
0.216427
0.21541
0.214398
0.213391
0.212389
0.211392
0.2104
0.209413
0.208431
0.207454
0.206482
0.205514
0.204552
0.203594
0.202641
0.201692
0.200749
0.19981
0.198876
0.197946
0.197021
0.196101
0.195185
0.194274
0.193368
0.192466
0.191568
0.190675
0.189786
0.188902
0.188022
0.187147
0.186276
0.185409
0.184547
0.183689
0.182835
0.181986
0.18114
0.180299
0.179462
0.17863
0.177801
0.176977
0.176156
0.17534
0.174528
0.17372
0.172916
0.172116
0.17132
0.170528
0.16974
0.168955
0.168175
0.167399
0.166626
0.165858
0.165093
0.164332
0.163574
0.162821
0.162071
0.161325
0.160583
0.159845
0.15911
0.158379
0.157651
0.156927
0.156207
0.15549
0.154777
0.154067
0.153361
0.152659
0.15196
0.151264
0.150572
0.149884
0.149199
0.148517
0.147838
0.147164
0.146492
0.145824
0.145159
0.144497
0.143839
0.143184
0.142532
0.141884
0.141238
0.140596
0.139958
0.139322
0.138689
0.13806
0.137434
0.136811
0.136191
0.135574
0.13496
0.134349
0.133742
0.133137
0.132536
0.131937
0.131341
0.130749
0.130159
0.129572
0.128988
0.128407
0.127829
0.127254
0.126682
0.126112
0.125546
0.124982
0.124421
0.123863
0.123308
0.122755
0.122205
0.121658
0.121114
0.120572
0.120033
0.119497
0.118963
0.118432
0.117904
0.117378
0.116855
0.116335
0.115817
0.115302
0.114789
0.114279
0.113772
0.113267
0.112764
0.112264
0.111767
0.111272
0.110779
0.110289
0.109801
0.109316
0.108833
0.108353
0.107875
0.107399
0.106926
0.106455
0.105987
0.105521
0.105057
0.104595
0.104136
0.103679
0.103224
0.102772
0.102322
0.101874
0.101428
0.100985
0.100543
0.100104
0.0996676
0.0992329
0.0988004
0.0983701
0.0979419
0.0975159
0.0970919
0.0966701
0.0962504
0.0958328
0.0954173
0.0950038
0.0945924
0.0941831
0.0937758
0.0933705
0.0929673
0.0925661
0.0921668
0.0917696
0.0913743
0.0909811
0.0905897
0.0902004
0.089813
0.0894275
0.0890439
0.0886622
0.0882825
0.0879046
0.0875287
0.0871546
0.0867824
0.086412
0.0860435
0.0856768
0.0853119
0.0849489
0.0845877
0.0842283
0.0838707
0.0835148
0.0831608
0.0828085
0.0824579
0.0821091
0.0817621
0.0814168
0.0810732
0.0807313
0.0803911
0.0800527
0.0797159
0.0793808
0.0790473
0.0787156
0.0783855
0.078057
0.0777302
0.077405
0.0770814
0.0767595
0.0764391
0.0761204
0.0758032
0.0754876
0.0751736
0.0748612
0.0745503
0.074241
0.0739332
0.073627
0.0733223
0.0730191
0.0727174
0.0724172
0.0721185
0.0718214
0.0715257
0.0712314
0.0709387
0.0706474
0.0703576
0.0700692
0.0697822
0.0694967
0.0692126
0.0689299
0.0686487
0.0683688
0.0680903
0.0678133
0.0675376
0.0672633
0.0669903
0.0667187
0.0664485
0.0661796
0.0659121
0.0656459
0.0653811
0.0651175
0.0648553
0.0645944
0.0643347
0.0640764
0.0638194
0.0635636
0.0633092
0.063056
0.062804
0.0625534
0.0623039
0.0620558
0.0618088
0.0615631
0.0613186
0.0610754
0.0608333
0.0605925
0.0603529
0.0601145
0.0598772
0.0596412
0.0594063
0.0591726
0.05894
0.0587087
0.0584784
0.0582494
0.0580214
0.0577947
0.057569
0.0573445
0.0571211
0.0568988
0.0566776
0.0564575
0.0562386
0.0560207
0.0558039
0.0555882
0.0553736
0.05516
0.0549475
0.0547361
0.0545258
0.0543164
0.0541082
0.0539009
0.0536947
0.0534896
0.0532854
0.0530823
0.0528802
0.0526791
0.052479
0.05228
0.0520819
0.0518848
0.0516886
0.0514935
0.0512994
0.0511062
0.0509139
0.0507227
0.0505324
0.050343
0.0501546
0.0499672
0.0497806
0.0495951
0.0494104
0.0492266
0.0490438
0.0488619
0.0486809
0.0485008
0.0483216
0.0481433
0.0479659
0.0477894
0.0476138
0.047439
0.0472652
0.0470922
0.04692
0.0467487
0.0465783
0.0464088
0.04624
0.0460722
0.0459051
0.0457389
0.0455736
0.045409
0.0452453
0.0450824
0.0449203
0.0447591
0.0445986
0.0444389
0.0442801
0.044122
0.0439647
0.0438083
0.0436526
0.0434976
0.0433435
0.0431901
0.0430375
0.0428857
0.0427346
0.0425843
0.0424347
0.0422859
0.0421378
0.0419905
0.0418439
0.0416981
0.0415529
0.0414086
0.0412649
0.0411219
0.0409797
0.0408382
0.0406974
0.0405573
0.0404179
0.0402791
0.0401411
0.0400038
0.0398672
0.0397313
0.039596
0.0394614
0.0393275
0.0391943
0.0390617
0.0389298
0.0387986
0.038668
0.0385381
0.0384088
0.0382802
0.0381522
0.0380249
0.0378982
0.0377722
0.0376467
0.0375219
0.0373978
0.0372742
0.0371513
0.037029
0.0369073
0.0367863
0.0366658
0.0365459
0.0364267
0.036308
0.03619
0.0360725
0.0359556
0.0358393
0.0357236
0.0356085
0.035494
0.03538
0.0352666
0.0351538
0.0350415
0.0349298
0.0348187
0.0347082
0.0345982
0.0344887
0.0343798
0.0342714
0.0341636
0.0340564
0.0339497
0.0338435
0.0337378
0.0336327
0.0335281
0.0334241
0.0333205
0.0332175
0.033115
0.0330131
0.0329116
0.0328107
0.0327102
0.0326103
0.0325109
0.032412
0.0323135
0.0322156
0.0321182
0.0320212
0.0319248
0.0318288
0.0317334
0.0316384
0.0315439
0.0314498
0.0313563
0.0312632
0.0311706
0.0310784
0.0309868
0.0308956
0.0308048
0.0307145
0.0306247
0.0305353
0.0304464
0.0303579
0.0302699
0.0301823
0.0300952
0.0300085
0.0299223
0.0298364
0.0297511
0.0296661
0.0295816
0.0294975
0.0294139
0.0293307
0.0292479
0.0291655
0.0290835
0.029002
0.0289208
0.0288401
0.0287598
0.0286799
0.0286004
0.0285213
0.0284427
0.0283644
0.0282865
0.028209
0.0281319
0.0280552
0.0279789
0.027903
0.0278275
0.0277523
0.0276776
0.0276032
0.0275292
0.0274556
0.0273824
0.0273095
0.027237
0.0271649
0.0270932
0.0270218
0.0269508
0.0268801
0.0268098
0.0267399
0.0266703
0.0266011
0.0265323
0.0264638
0.0263956
0.0263278
0.0262604
0.0261933
0.0261265
0.0260601
0.025994
0.0259283
0.0258629
0.0257979
0.0257331
0.0256688
0.0256047
0.025541
0.0254776
0.0254145
0.0253518
0.0252894
0.0252273
0.0251655
0.0251041
0.025043
0.0249822
0.0249217
0.0248615
0.0248016
0.0247421
0.0246828
0.0246239
0.0245653
0.0245069
0.0244489
0.0243912
0.0243338
0.0242767
0.0242198
0.0241633
0.0241071
0.0240512
0.0239955
0.0239402
0.0238851
0.0238303
0.0237758
0.0237217
0.0236677
0.0236141
0.0235608
0.0235077
0.0234549
0.0234024
0.0233502
0.0232982
0.0232465
0.0231951
0.023144
0.0230931
0.0230425
0.0229922
0.0229421
0.0228923
0.0228428
0.0227935
0.0227445
0.0226958
0.0226473
0.022599
0.0225511
0.0225034
0.0224559
0.0224087
0.0223617
0.022315
0.0222686
0.0222224
0.0221764
0.0221307
0.0220852
0.02204
0.021995
0.0219503
0.0219058
0.0218615
0.0218175
0.0217737
0.0217302
0.0216869
0.0216438
0.021601
0.0215584
0.021516
0.0214739
0.021432
0.0213903
0.0213488
0.0213076
0.0212666
0.0212258
0.0211853
0.0211449
0.0211048
0.0210649
0.0210253
0.0209858
0.0209466
0.0209076
0.0208688
0.0208302
0.0207918
0.0207537
0.0207157
0.020678
0.0206404
0.0206031
0.020566
0.0205291
0.0204924
0.0204559
0.0204197
0.0203836
0.0203477
0.020312
0.0202766
0.0202413
0.0202062
0.0201714
0.0201367
0.0201022
0.0200679
0.0200338
0.02
0.0199663
0.0199328
0.0198995
0.0198663
0.0198334
0.0198007
0.0197681
0.0197358
0.0197036
0.0196716
0.0196398
0.0196082
0.0195768
0.0195455
0.0195145
0.0194836
0.0194529
0.0194224
0.019392
0.0193619
0.0193319
0.0193021
0.0192725
0.019243
0.0192137
0.0191846
0.0191557
0.019127
0.0190984
0.01907
0.0190418
0.0190137
0.0189858
0.0189581
0.0189306
0.0189032
0.018876
0.0188489
0.018822
0.0187953
0.0187688
0.0187424
0.0187162
0.0186901
0.0186642
0.0186385
0.0186129
0.0185875
0.0185623
0.0185372
0.0185123
0.0184875
0.0184629
0.0184384
0.0184141
0.01839
0.018366
0.0183422
0.0183185
0.018295
0.0182716
0.0182484
0.0182253
0.0182024
0.0181797
0.018157
0.0181346
0.0181123
0.0180901
0.0180681
0.0180463
0.0180245
0.018003
0.0179816
0.0179603
0.0179392
0.0179182
0.0178973
0.0178767
0.0178561
0.0178357
0.0178154
0.0177953
0.0177753
0.0177555
0.0177358
0.0177163
0.0176969
0.0176776
0.0176584
0.0176395
0.0176206
0.0176019
0.0175833
0.0175649
0.0175466
0.0175284
0.0175104
0.0174925
0.0174747
0.0174571
0.0174396
0.0174222
0.017405
0.0173879
0.0173709
0.0173541
0.0173374
0.0173209
0.0173044
0.0172881
0.017272
0.0172559
0.01724
0.0172242
0.0172086
0.0171931
0.0171777
0.0171624
0.0171473
0.0171323
0.0171174
0.0171026
0.017088
0.0170735
0.0170591
0.0170449
0.0170308
0.0170168
0.0170029
0.0169892
0.0169755
0.016962
0.0169487
0.0169354
0.0169223
0.0169093
0.0168964
0.0168836
0.016871
0.0168585
0.0168461
0.0168338
0.0168216
0.0168096
0.0167977
0.0167859
0.0167742
0.0167627
0.0167513
0.0167399
0.0167287
0.0167177
0.0167067
0.0166959
0.0166852
0.0166746
0.0166641
0.0166537
0.0166435
0.0166333
0.0166233
0.0166134
0.0166036
0.016594
0.0165844
0.016575
0.0165657
0.0165565
0.0165474
0.0165384
0.0165296
0.0165208
0.0165122
0.0165037
0.0164953
0.016487
0.0164789
0.0164708
0.0164629
0.016455
0.0164473
0.0164397
0.0164323
0.0164249
0.0164176
0.0164105
0.0164035
0.0163965
0.0163897
0.016383
0.0163765
0.01637
0.0163636
0.0163574
0.0163513
0.0163452
0.0163393
0.0163335
0.0163279
0.0163223
0.0163168
0.0163115
0.0163062
0.0163011
0.0162961
0.0162912
0.0162864
0.0162817
0.0162771
0.0162727
0.0162683
0.0162641
0.01626
0.016256
0.0162521
0.0162483
0.0162446
0.016241
0.0162375
0.0162342
0.016231
0.0162278
0.0162248
0.0162219
0.0162191
0.0162164
0.0162138
0.0162114
0.016209
0.0162068
0.0162046
0.0162026
0.0162007
0.0161989
0.0161972
0.0161956
0.0161941
0.0161928
0.0161915
0.0161904
0.0161894
0.0161884
0.0161876
0.0161869
0.0161864
0.0161859
0.0161855
0.0161853
0.0161851
0.0161851
0.0161852
0.0161854
0.0161857
0.0161861
0.0161866
0.0161873
0.016188
0.0161889
0.0161898
0.0161909
0.0161921
0.0161934
0.0161949
0.0161964
0.016198
0.0161998
0.0162017
0.0162037
0.0162058
0.016208
0.0162103
0.0162127
0.0162153
0.0162179
0.0162207
0.0162236
0.0162266
0.0162297
0.016233
0.0162363
0.0162398
0.0162434
0.016247
0.0162509
0.0162548
0.0162588
0.016263
0.0162672
0.0162716
0.0162761
0.0162807
0.0162855
0.0162903
0.0162953
0.0163004
0.0163056
0.0163109
0.0163163
0.0163218
0.0163275
0.0163333
0.0163392
0.0163452
0.0163514
0.0163576
0.016364
0.0163705
0.0163771
0.0163839
0.0163907
0.0163977
0.0164048
0.016412
0.0164193
0.0164268
0.0164344
0.0164421
0.0164499
0.0164579
0.0164659
0.0164741
0.0164824
0.0164909
0.0164994
0.0165081
0.0165169
0.0165259
0.0165349
0.0165441
0.0165534
0.0165628
0.0165724
0.0165821
0.0165919
0.0166018
0.0166119
0.0166221
0.0166324
0.0166429
0.0166534
0.0166641
0.016675
0.0166859
0.016697
0.0167082
0.0167196
0.0167311
0.0167427
0.0167544
0.0167663
0.0167783
0.0167904
0.0168027
0.0168151
0.0168276
0.0168403
0.0168531
0.016866
0.0168791
0.0168923
0.0169057
0.0169191
0.0169327
0.0169465
0.0169604
0.0169744
0.0169886
0.0170029
0.0170173
0.0170319
0.0170466
0.0170614
0.0170764
0.0170916
0.0171069
0.0171223
0.0171378
0.0171535
0.0171694
0.0171854
0.0172015
0.0172178
0.0172342
0.0172508
0.0172675
0.0172843
0.0173013
0.0173185
0.0173358
0.0173532
0.0173708
0.0173886
0.0174064
0.0174245
0.0174427
0.017461
0.0174795
0.0174981
0.0175169
0.0175359
0.017555
0.0175742
0.0175936
0.0176132
0.0176329
0.0176528
0.0176728
0.017693
0.0177133
0.0177338
0.0177545
0.0177753
0.0177963
0.0178174
0.0178387
0.0178601
0.0178818
0.0179035
0.0179255
0.0179476
0.0179699
0.0179923
0.0180149
0.0180376
0.0180606
0.0180837
0.0181069
0.0181303
0.0181539
0.0181777
0.0182016
0.0182257
0.01825
0.0182745
0.0182991
0.0183239
0.0183488
0.018374
0.0183993
0.0184248
0.0184504
0.0184763
0.0185023
0.0185285
0.0185548
0.0185814
0.0186081
0.018635
0.0186621
0.0186894
0.0187168
0.0187445
0.0187723
0.0188003
0.0188285
0.0188569
0.0188854
0.0189142
0.0189431
0.0189722
0.0190015
0.019031
0.0190607
0.0190906
0.0191207
0.019151
0.0191814
0.0192121
0.0192429
0.019274
0.0193052
0.0193366
0.0193683
0.0194001
0.0194321
0.0194644
0.0194968
0.0195294
0.0195623
0.0195953
0.0196285
0.019662
0.0196956
0.0197295
0.0197636
0.0197978
0.0198323
0.019867
0.0199019
0.019937
0.0199723
0.0200079
0.0200436
0.0200796
0.0201158
0.0201522
0.0201888
0.0202256
0.0202626
0.0202999
0.0203374
0.0203751
0.020413
0.0204512
0.0204895
0.0205281
0.020567
0.020606
0.0206453
0.0206848
0.0207245
0.0207645
0.0208047
0.0208451
0.0208857
0.0209266
0.0209678
0.0210091
0.0210507
0.0210925
0.0211346
0.0211769
0.0212195
0.0212622
0.0213053
0.0213485
0.021392
0.0214358
0.0214798
0.0215241
0.0215686
0.0216133
0.0216583
0.0217035
0.021749
0.0217948
0.0218408
0.021887
0.0219335
0.0219803
0.0220273
0.0220746
0.0221221
0.0221699
0.022218
0.0222663
0.0223149
0.0223638
0.0224129
0.0224623
0.0225119
0.0225618
0.022612
0.0226625
0.0227132
0.0227642
0.0228155
0.022867
0.0229188
0.0229709
0.0230233
0.023076
0.0231289
0.0231821
0.0232357
0.0232894
0.0233435
0.0233979
0.0234525
0.0235074
0.0235627
0.0236182
0.023674
0.0237301
0.0237865
0.0238432
0.0239001
0.0239574
0.024015
0.0240729
0.024131
0.0241895
0.0242483
0.0243074
0.0243668
0.0244265
0.0244865
0.0245468
0.0246074
0.0246684
0.0247296
0.0247912
0.0248531
0.0249153
0.0249778
0.0250406
0.0251038
0.0251672
0.025231
0.0252952
0.0253596
0.0254244
0.0254895
0.0255549
0.0256207
0.0256868
0.0257532
0.0258199
0.025887
0.0259545
0.0260222
0.0260903
0.0261588
0.0262276
0.0262967
0.0263662
0.026436
0.0265062
0.0265767
0.0266476
0.0267188
0.0267904
0.0268623
0.0269346
0.0270073
0.0270803
0.0271536
0.0272273
0.0273014
0.0273759
0.0274507
0.0275259
0.0276014
0.0276773
0.0277536
0.0278303
0.0279073
0.0279847
0.0280625
0.0281407
0.0282192
0.0282982
0.0283775
0.0284572
0.0285373
0.0286177
0.0286986
0.0287798
0.0288615
0.0289435
0.0290259
0.0291088
0.029192
0.0292756
0.0293596
0.029444
0.0295288
0.0296141
0.0296997
0.0297858
0.0298722
0.0299591
0.0300464
0.030134
0.0302222
0.0303107
0.0303996
0.030489
0.0305788
0.030669
0.0307596
0.0308507
0.0309422
0.0310341
0.0311265
0.0312193
0.0313125
0.0314062
0.0315003
0.0315948
0.0316898
0.0317852
0.0318811
0.0319774
0.0320742
0.0321714
0.0322691
0.0323672
0.0324658
0.0325648
0.0326643
0.0327642
0.0328647
0.0329655
0.0330669
0.0331687
0.033271
0.0333737
0.033477
0.0335807
0.0336848
0.0337895
0.0338946
0.0340002
0.0341063
0.0342129
0.03432
0.0344275
0.0345356
0.0346441
0.0347532
0.0348627
0.0349727
0.0350833
0.0351943
0.0353058
0.0354179
0.0355304
0.0356435
0.035757
0.0358711
0.0359857
0.0361008
0.0362164
0.0363326
0.0364492
0.0365664
0.0366841
0.0368024
0.0369211
0.0370404
0.0371603
0.0372806
0.0374015
0.037523
0.037645
0.0377675
0.0378906
0.0380142
0.0381383
0.0382631
0.0383883
0.0385141
0.0386405
0.0387675
0.038895
0.039023
0.0391517
0.0392809
0.0394106
0.039541
0.0396719
0.0398033
0.0399354
0.040068
0.0402013
0.0403351
0.0404694
0.0406044
0.04074
0.0408761
0.0410129
0.0411502
0.0412881
0.0414267
0.0415658
0.0417056
0.0418459
0.0419869
0.0421284
0.0422706
0.0424134
0.0425568
0.0427008
0.0428455
0.0429907
0.0431366
0.0432832
0.0434303
0.0435781
0.0437265
0.0438756
0.0440253
0.0441756
0.0443266
0.0444782
0.0446304
0.0447834
0.0449369
0.0450911
0.045246
0.0454015
0.0455577
0.0457146
0.0458721
0.0460303
0.0461892
0.0463487
0.0465089
0.0466698
0.0468313
0.0469936
0.0471565
0.0473201
0.0474844
0.0476494
0.0478151
0.0479814
0.0481485
0.0483163
0.0484847
0.0486539
0.0488238
0.0489944
0.0491657
0.0493377
0.0495104
0.0496839
0.049858
0.0500329
0.0502085
0.0503849
0.050562
0.0507398
0.0509183
0.0510976
0.0512776
0.0514584
0.0516399
0.0518222
0.0520052
0.0521889
0.0523734
0.0525587
0.0527447
0.0529315
0.0531191
0.0533074
0.0534965
0.0536864
0.053877
0.0540684
0.0542606
0.0544536
0.0546474
0.0548419
0.0550373
0.0552334
0.0554303
0.0556281
0.0558266
0.0560259
0.056226
0.056427
0.0566287
0.0568313
0.0570347
0.0572389
0.0574439
0.0576498
0.0578564
0.0580639
0.0582722
0.0584814
0.0586914
0.0589023
0.0591139
0.0593265
0.0595398
0.0597541
0.0599691
0.0601851
0.0604018
0.0606195
0.060838
0.0610574
0.0612776
0.0614987
0.0617207
0.0619436
0.0621674
0.062392
0.0626175
0.0628439
0.0630712
0.0632994
0.0635285
0.0637584
0.0639893
0.0642211
0.0644538
0.0646874
0.0649219
0.0651573
0.0653937
0.065631
0.0658691
0.0661083
0.0663483
0.0665893
0.0668312
0.0670741
0.0673179
0.0675626
0.0678083
0.0680549
0.0683025
0.068551
0.0688005
0.069051
0.0693024
0.0695548
0.0698081
0.0700625
0.0703178
0.070574
0.0708313
0.0710896
0.0713488
0.071609
0.0718702
0.0721324
0.0723956
0.0726598
0.072925
0.0731913
0.0734585
0.0737267
0.073996
0.0742663
0.0745376
0.0748099
0.0750832
0.0753576
0.075633
0.0759095
0.076187
0.0764655
0.0767451
0.0770257
0.0773074
0.0775901
0.0778739
0.0781588
0.0784447
0.0787317
0.0790197
0.0793088
0.079599
0.0798903
0.0801827
0.0804761
0.0807707
0.0810663
0.081363
0.0816608
0.0819597
0.0822598
0.0825609
0.0828631
0.0831665
0.083471
0.0837765
0.0840833
0.0843911
0.0847
0.0850102
0.0853214
0.0856337
0.0859473
0.0862619
0.0865777
0.0868947
0.0872128
0.087532
0.0878524
0.088174
0.0884968
0.0888207
0.0891458
0.089472
0.0897995
0.0901281
0.0904579
0.0907889
0.0911211
0.0914545
0.0917891
0.0921249
0.0924619
0.0928001
0.0931395
0.0934801
0.0938219
0.094165
0.0945093
0.0948548
0.0952015
0.0955495
0.0958987
0.0962492
0.0966009
0.0969538
0.097308
0.0976634
0.0980201
0.0983781
0.0987373
0.0990978
0.0994596
0.0998226
0.100187
0.100552
0.100919
0.101288
0.101657
0.102028
0.1024
0.102773
0.103148
0.103524
0.103901
0.104279
0.104659
0.105041
0.105423
0.105807
0.106192
0.106579
0.106966
0.107356
0.107746
0.108138
0.108531
0.108926
0.109322
0.109719
0.110118
0.110518
0.110919
0.111322
0.111726
0.112131
0.112538
0.112947
0.113356
0.113767
0.11418
0.114594
0.115009
0.115425
0.115844
0.116263
0.116684
0.117106
0.11753
0.117955
0.118382
0.11881
0.119239
0.11967
0.120103
0.120536
0.120972
0.121408
0.121846
0.122286
0.122727
0.12317
0.123614
0.124059
0.124506
0.124955
0.125405
0.125856
0.126309
0.126763
0.127219
0.127677
0.128136
0.128596
0.129058
0.129522
0.129987
0.130453
0.130921
0.131391
0.131862
0.132334
0.132809
0.133284
0.133762
0.13424
0.134721
0.135203
0.135686
0.136171
0.136658
0.137146
0.137636
0.138127
0.13862
0.139115
0.139611
0.140108
0.140608
0.141108
0.141611
0.142115
0.142621
0.143128
0.143637
0.144148
0.14466
0.145173
0.145689
0.146206
0.146725
0.147245
0.147767
0.148291
0.148816
0.149343
0.149871
0.150402
0.150934
0.151467
0.152002
0.152539
0.153078
0.153618
0.15416
0.154704
0.155249
0.155796
0.156345
0.156895
0.157447
0.158001
0.158557
0.159114
0.159673
0.160234
0.160796
0.161361
0.161926
0.162494
0.163064
0.163635
0.164208
0.164782
0.165359
0.165937
0.166517
0.167098
0.167682
0.168267
0.168854
0.169443
0.170033
0.170626
0.17122
0.171816
0.172413
0.173013
0.173614
0.174217
0.174822
0.175429
0.176037
0.176648
0.17726
0.177874
0.17849
0.179107
0.179727
0.180348
0.180972
0.181597
0.182223
0.182852
0.183483
0.184115
0.18475
0.185386
0.186024
0.186664
0.187305
0.187949
0.188595
0.189242
0.189891
0.190543
0.191196
0.191851
0.192508
0.193167
0.193827
0.19449
0.195154
0.195821
0.196489
0.19716
0.197832
0.198506
0.199182
0.19986
0.20054
0.201222
0.201906
0.202592
0.20328
0.20397
0.204661
0.205355
0.206051
0.206748
0.207448
0.208149
0.208853
0.209559
0.210266
0.210976
0.211687
0.212401
0.213116
0.213834
0.214553
0.215275
0.215998
0.216724
0.217451
0.218181
0.218913
0.219646
0.220382
0.22112
0.221859
0.222601
0.223345
0.224091
0.224839
0.225589
0.226341
0.227095
0.227851
0.228609
0.22937
0.230132
0.230897
0.231663
0.232432
0.233202
0.233975
0.23475
0.235527
0.236306
0.237087
0.23787
0.238656
0.239443
0.240233
0.241024
0.241818
0.242614
0.243412
0.244212
0.245015
0.245819
0.246626
0.247434
0.248245
0.249058
0.249873
0.250691
0.25151
0.252332
0.253155
0.253981
0.254809
0.255639
0.256472
0.257306
0.258143
0.258982
0.259823
0.260666
0.261512
0.262359
0.263209
0.264061
0.264916
0.265772
0.266631
0.267491
0.268354
0.26922
0.270087
0.270957
0.271829
0.272703
0.273579
0.274458
0.275338
0.276221
0.277107
0.277994
0.278884
0.279776
0.28067
0.281566
0.282465
0.283366
0.284269
0.285174
0.286082
0.286992
0.287904
0.288819
0.289736
0.290655
0.291576
0.292499
0.293425
0.294353
0.295284
0.296216
0.297151
0.298089
0.299028
0.29997
0.300914
0.301861
0.302809
0.30376
0.304714
0.305669
0.306627
0.307588
0.30855
0.309515
0.310482
0.311452
0.312424
0.313398
0.314374
0.315353
0.316334
0.317318
0.318304
0.319292
0.320282
0.321275
0.32227
0.323268
0.324268
0.32527
0.326275
0.327282
0.328291
0.329302
0.330316
0.331333
0.332352
0.333373
0.334396
0.335422
0.33645
0.337481
0.338514
0.339549
0.340587
0.341627
0.342669
0.343714
0.344761
0.345811
0.346863
0.347917
0.348974
0.350033
0.351095
0.352159
0.353225
0.354294
0.355365
0.356438
0.357514
0.358593
0.359673
0.360757
0.361842
0.36293
0.364021
0.365113
0.366209
0.367306
0.368406
0.369509
0.370614
0.371721
0.372831
0.373943
0.375058
0.376175
0.377294
0.378416
0.37954
0.380667
0.381796
0.382928
0.384062
0.385198
0.386337
0.387479
0.388623
0.389769
0.390918
0.392069
0.393222
0.394378
0.395537
0.396698
0.397861
0.399027
0.400195
0.401366
0.402539
0.403715
0.404893
0.406073
0.407256
0.408442
0.40963
0.41082
0.412013
0.413208
0.414406
0.415606
0.416809
0.418014
0.419221
0.420432
0.421644
0.422859
0.424077
0.425296
0.426519
0.427744
0.428971
0.430201
0.431433
0.432668
0.433905
0.435145
0.436387
0.437631
0.438878
0.440128
0.44138
0.442634
0.443891
0.445151
0.446413
0.447677
0.448944
0.450213
0.451485
0.452759
0.454036
0.455315
0.456597
0.457881
0.459168
0.460457
0.461748
0.463042
0.464339
0.465638
0.466939
0.468243
0.46955
0.470858
0.47217
0.473484
0.4748
0.476119
0.47744
0.478764
0.48009
0.481418
0.482749
0.484083
0.485419
0.486758
0.488099
0.489442
0.490788
0.492136
0.493487
0.49484
0.496196
0.497555
0.498915
0.500278
0.501644
0.503012
0.504383
0.505756
0.507131
0.508509
0.509889
0.511272
0.512658
0.514045
0.515435
0.516828
0.518223
0.519621
0.521021
0.522423
0.523828
0.525235
0.526645
0.528058
0.529472
0.530889
0.532309
0.533731
0.535155
0.536582
0.538012
0.539443
0.540878
0.542314
0.543753
0.545195
0.546638
0.548085
0.549534
0.550985
0.552438
0.553894
0.555353
0.556814
0.558277
0.559743
0.561211
0.562681
0.564154
0.565629
0.567107
0.568587
0.57007
0.571555
0.573042
0.574532
0.576024
0.577518
0.579015
0.580515
0.582016
0.58352
0.585027
0.586536
0.588047
0.58956
0.591076
0.592595
0.594115
0.595639
0.597164
0.598692
0.600222
0.601754
0.603289
0.604826
0.606366
0.607908
0.609452
0.610999
0.612548
0.614099
0.615653
0.617208
0.618767
0.620327
0.62189
0.623456
0.625023
0.626593
0.628165
0.62974
0.631316
0.632896
0.634477
0.636061
0.637647
0.639235
0.640826
0.642418
0.644014
0.645611
0.647211
0.648813
0.650417
0.652024
0.653632
0.655243
0.656857
0.658472
0.66009
0.66171
0.663333
0.664957
0.666584
0.668213
0.669844
0.671478
0.673114
0.674751
0.676392
0.678034
0.679679
0.681325
0.682974
0.684626
0.686279
0.687935
0.689592
0.691252
0.692914
0.694579
0.696245
0.697914
0.699585
0.701258
0.702933
0.70461
0.706289
0.707971
0.709655
0.711341
0.713029
0.714719
0.716411
0.718105
0.719802
0.7215
0.723201
0.724904
0.726609
0.728315
0.730025
0.731736
0.733449
0.735164
0.736881
0.738601
0.740322
0.742046
0.743772
0.745499
0.747229
0.748961
0.750694
0.75243
0.754168
0.755908
0.757649
0.759393
0.761139
0.762887
0.764637
0.766388
0.768142
0.769898
0.771656
0.773415
0.775177
0.776941
0.778706
0.780474
0.782243
0.784014
0.785788
0.787563
0.78934
0.791119
0.7929
0.794683
0.796468
0.798254
0.800043
0.801833
0.803625
0.80542
0.807216
0.809013
0.810813
0.812615
0.814418
0.816223
0.81803
0.819839
0.82165
0.823462
0.825277
0.827093
0.828911
0.83073
0.832552
0.834375
0.8362
0.838027
0.839855
0.841685
0.843517
0.845351
0.847187
0.849024
0.850863
0.852703
0.854545
0.856389
0.858235
0.860082
0.861931
0.863782
0.865635
0.867489
0.869344
0.871201
0.873061
0.874921
0.876783
0.878647
0.880512
0.882379
0.884248
0.886118
0.88799
0.889863
0.891738
0.893615
0.895493
0.897372
0.899253
0.901136
0.90302
0.904906
0.906793
0.908682
0.910572
0.912464
0.914357
0.916251
0.918148
0.920045
0.921944
0.923845
0.925746
0.92765
0.929555
0.931461
0.933368
0.935277
0.937187
0.939099
0.941012
0.942927
0.944842
0.94676
0.948678
0.950598
0.952519
0.954442
0.956365
0.95829
0.960217
0.962144
0.964073
0.966004
0.967935
0.969868
0.971802
0.973737
0.975673
0.977611
0.97955
0.98149
0.983431
0.985374
0.987317
0.989262
0.991208
0.993155
0.995103
0.997053
0.999003
1.00095
1.00291
1.00486
1.00682
1.00877
1.01073
1.01269
1.01465
1.01661
1.01857
1.02053
1.02249
1.02446
1.02642
1.02839
1.03036
1.03233
1.0343
1.03627
1.03824
1.04021
1.04218
1.04416
1.04613
1.04811
1.05008
1.05206
1.05404
1.05602
1.058
1.05998
1.06196
1.06394
1.06593
1.06791
1.0699
1.07188
1.07387
1.07586
1.07785
1.07984
1.08183
1.08382
1.08581
1.0878
1.08979
1.09178
1.09378
1.09577
1.09777
1.09977
1.10176
1.10376
1.10576
1.10776
1.10975
1.11175
1.11375
1.11576
1.11776
1.11976
1.12176
1.12376
1.12577
1.12777
1.12978
1.13178
1.13379
1.13579
1.1378
1.13981
1.14181
1.14382
1.14583
1.14784
1.14985
1.15186
1.15387
1.15588
1.15789
1.1599
1.16191
1.16392
1.16593
1.16795
1.16996
1.17197
1.17399
1.176
1.17801
1.18003
1.18204
1.18405
1.18607
1.18808
1.1901
1.19211
1.19413
1.19614
1.19816
1.20018
1.20219
1.20421
1.20622
1.20824
1.21026
1.21227
1.21429
1.2163
1.21832
1.22034
1.22235
1.22437
1.22639
1.2284
1.23042
1.23244
1.23445
1.23647
1.23848
1.2405
1.24252
1.24453
1.24655
1.24856
1.25058
1.25259
1.25461
1.25662
1.25864
1.26065
1.26267
1.26468
1.2667
1.26871
1.27072
1.27274
1.27475
1.27676
1.27877
1.28078
1.2828
1.28481
1.28682
1.28883
1.29084
1.29285
1.29486
1.29687
1.29887
1.30088
1.30289
1.3049
1.3069
1.30891
1.31091
1.31292
1.31492
1.31693
1.31893
1.32093
1.32294
1.32494
1.32694
1.32894
1.33094
1.33294
1.33494
1.33694
1.33893
1.34093
1.34293
1.34492
1.34692
1.34891
1.3509
1.3529
1.35489
1.35688
1.35887
1.36086
1.36285
1.36483
1.36682
1.36881
1.37079
1.37278
1.37476
1.37674
1.37872
1.3807
1.38268
1.38466
1.38664
1.38862
1.39059
1.39257
1.39454
1.39651
1.39848
1.40046
1.40242
1.40439
1.40636
1.40833
1.41029
1.41226
1.41422
1.41618
1.41814
1.4201
1.42206
1.42402
1.42597
1.42793
1.42988
1.43183
1.43378
1.43573
1.43768
1.43963
1.44157
1.44352
1.44546
1.4474
1.44934
1.45128
1.45322
1.45516
1.45709
1.45903
1.46096
1.46289
1.46482
1.46675
1.46867
1.4706
1.47252
1.47444
1.47636
1.47828
1.4802
1.48211
1.48403
1.48594
1.48785
1.48976
1.49166
1.49357
1.49547
1.49738
1.49928
1.50118
1.50307
1.50497
1.50686
1.50875
1.51064
1.51253
1.51442
1.5163
1.51819
1.52007
1.52195
1.52383
1.5257
1.52757
1.52945
1.53132
1.53318
1.53505
1.53691
1.53878
1.54064
1.5425
1.54435
1.54621
1.54806
1.54991
1.55176
1.5536
1.55545
1.55729
1.55913
1.56097
1.5628
1.56464
1.56647
1.5683
1.57012
1.57195
1.57377
1.57559
1.57741
1.57922
1.58104
1.58285
1.58466
1.58647
1.58827
1.59007
1.59187
1.59367
1.59546
1.59726
1.59905
1.60084
1.60262
1.60441
1.60619
1.60796
1.60974
1.61151
1.61328
1.61505
1.61682
1.61858
1.62034
1.6221
1.62386
1.62561
1.62736
1.62911
1.63086
1.6326
1.63434
1.63608
1.63781
1.63954
1.64127
1.643
1.64472
1.64645
1.64816
1.64988
1.65159
1.65331
1.65501
1.65672
1.65842
1.66012
1.66182
1.66351
1.6652
1.66689
1.66857
1.67026
1.67194
1.67361
1.67528
1.67696
1.67862
1.68029
1.68195
1.68361
1.68526
1.68692
1.68857
1.69021
1.69186
1.6935
1.69513
1.69677
1.6984
1.70003
1.70165
1.70327
1.70489
1.70651
1.70812
1.70973
1.71134
1.71294
1.71454
1.71614
1.71773
1.71932
1.72091
1.72249
1.72407
1.72565
1.72722
1.72879
1.73036
1.73192
1.73348
1.73504
1.73659
1.73814
1.73969
1.74123
1.74277
1.74431
1.74584
1.74737
1.74889
1.75042
1.75194
1.75345
1.75496
1.75647
1.75798
1.75948
1.76097
1.76247
1.76396
1.76545
1.76693
1.76841
1.76989
1.77136
1.77283
1.77429
1.77575
1.77721
1.77867
1.78012
1.78156
1.783
1.78444
1.78588
1.78731
1.78874
1.79016
1.79158
1.793
1.79441
1.79582
1.79723
1.79863
1.80002
1.80142
1.80281
1.80419
1.80557
1.80695
1.80833
1.8097
1.81106
1.81242
1.81378
1.81514
1.81648
1.81783
1.81917
1.82051
1.82184
1.82317
1.8245
1.82582
1.82714
1.82845
1.82976
1.83107
1.83237
1.83367
1.83496
1.83625
1.83753
1.83881
1.84009
1.84136
1.84263
1.84389
1.84515
1.84641
1.84766
1.84891
1.85015
1.85139
1.85262
1.85385
1.85508
1.8563
1.85751
1.85873
1.85993
1.86114
1.86234
1.86353
1.86472
1.86591
1.86709
1.86827
1.86944
1.87061
1.87178
1.87294
1.87409
1.87524
1.87639
1.87753
1.87867
1.8798
1.88093
1.88205
1.88317
1.88429
1.8854
1.8865
1.88761
1.8887
1.88979
1.89088
1.89196
1.89304
1.89412
1.89519
1.89625
1.89731
1.89837
1.89942
1.90046
1.9015
1.90254
1.90357
1.9046
1.90562
1.90664
1.90765
1.90866
1.90966
1.91066
1.91166
1.91265
1.91363
1.91461
1.91559
1.91656
1.91752
1.91848
1.91944
1.92039
1.92134
1.92228
1.92321
1.92415
1.92507
1.92599
1.92691
1.92782
1.92873
1.92963
1.93053
1.93142
1.93231
1.93319
1.93407
1.93495
1.93581
1.93668
1.93753
1.93839
1.93924
1.94008
1.94092
1.94175
1.94258
1.9434
1.94422
1.94503
1.94584
1.94664
1.94744
1.94823
1.94902
1.94981
1.95058
1.95136
1.95212
1.95289
1.95364
1.9544
1.95514
1.95588
1.95662
1.95735
1.95808
1.9588
1.95952
1.96023
1.96094
1.96164
1.96233
1.96302
1.96371
1.96439
1.96506
1.96573
1.9664
1.96706
1.96771
1.96836
1.96901
1.96965
1.97028
1.97091
1.97153
1.97215
1.97276
1.97337
1.97397
1.97457
1.97516
1.97574
1.97632
1.9769
1.97747
1.97804
1.9786
1.97915
1.9797
1.98024
1.98078
1.98131
1.98184
1.98236
1.98288
1.98339
1.9839
1.9844
1.9849
1.98539
1.98587
1.98635
1.98683
1.9873
1.98776
1.98822
1.98867
1.98912
1.98956
1.99
1.99043
1.99085
1.99127
1.99169
1.9921
1.9925
1.9929
1.99329
1.99368
1.99406
1.99444
1.99481
1.99518
1.99554
1.9959
1.99625
1.99659
1.99693
1.99726
1.99759
1.99791
1.99823
1.99854
1.99885
1.99915
1.99944
1.99973
2.00002
2.0003
2.00057
2.00084
2.0011
2.00136
2.00161
2.00185
2.0021
2.00233
2.00256
2.00278
2.003
2.00321
2.00342
2.00362
2.00382
2.00401
2.0042
2.00438
2.00455
2.00472
2.00488
2.00504
2.00519
2.00534
2.00548
2.00562
2.00575
2.00587
2.00599
2.0061
2.00621
2.00631
2.00641
2.0065
2.00659
2.00667
2.00674
2.00681
2.00688
2.00693
2.00699
2.00703
2.00708
2.00711
2.00714
2.00717
2.00719
2.0072
2.00721
2.00721
2.00721
2.0072
2.00719
2.00717
2.00714
2.00711
2.00708
2.00703
2.00699
2.00693
2.00688
2.00681
2.00674
2.00667
2.00659
2.0065
2.00641
2.00631
2.00621
2.0061
2.00599
2.00587
2.00575
2.00562
2.00548
2.00534
2.00519
2.00504
2.00488
2.00472
2.00455
2.00438
2.0042
2.00401
2.00382
2.00362
2.00342
2.00321
2.003
2.00278
2.00256
2.00233
2.0021
2.00185
2.00161
2.00136
2.0011
2.00084
2.00057
2.0003
2.00002
1.99973
1.99944
1.99915
1.99885
1.99854
1.99823
1.99791
1.99759
1.99726
1.99693
1.99659
1.99625
1.9959
1.99554
1.99518
1.99481
1.99444
1.99406
1.99368
1.99329
1.9929
1.9925
1.9921
1.99169
1.99127
1.99085
1.99043
1.99
1.98956
1.98912
1.98867
1.98822
1.98776
1.9873
1.98683
1.98635
1.98587
1.98539
1.9849
1.9844
1.9839
1.98339
1.98288
1.98236
1.98184
1.98131
1.98078
1.98024
1.9797
1.97915
1.9786
1.97804
1.97747
1.9769
1.97632
1.97574
1.97516
1.97457
1.97397
1.97337
1.97276
1.97215
1.97153
1.97091
1.97028
1.96965
1.96901
1.96836
1.96771
1.96706
1.9664
1.96573
1.96506
1.96439
1.96371
1.96302
1.96233
1.96164
1.96094
1.96023
1.95952
1.9588
1.95808
1.95735
1.95662
1.95588
1.95514
1.9544
1.95364
1.95289
1.95212
1.95136
1.95058
1.94981
1.94902
1.94823
1.94744
1.94664
1.94584
1.94503
1.94422
1.9434
1.94258
1.94175
1.94092
1.94008
1.93924
1.93839
1.93753
1.93668
1.93581
1.93495
1.93407
1.93319
1.93231
1.93142
1.93053
1.92963
1.92873
1.92782
1.92691
1.92599
1.92507
1.92415
1.92321
1.92228
1.92134
1.92039
1.91944
1.91848
1.91752
1.91656
1.91559
1.91461
1.91363
1.91265
1.91166
1.91066
1.90966
1.90866
1.90765
1.90664
1.90562
1.9046
1.90357
1.90254
1.9015
1.90046
1.89942
1.89837
1.89731
1.89625
1.89519
1.89412
1.89304
1.89196
1.89088
1.88979
1.8887
1.8876
1.8865
1.8854
1.88429
1.88317
1.88205
1.88093
1.8798
1.87867
1.87753
1.87639
1.87524
1.87409
1.87294
1.87178
1.87061
1.86944
1.86827
1.86709
1.86591
1.86472
1.86353
1.86234
1.86114
1.85993
1.85873
1.85751
1.8563
1.85508
1.85385
1.85262
1.85139
1.85015
1.84891
1.84766
1.84641
1.84515
1.84389
1.84263
1.84136
1.84009
1.83881
1.83753
1.83625
1.83496
1.83367
1.83237
1.83107
1.82976
1.82845
1.82714
1.82582
1.8245
1.82317
1.82184
1.82051
1.81917
1.81783
1.81648
1.81513
1.81378
1.81242
1.81106
1.8097
1.80833
1.80695
1.80557
1.80419
1.80281
1.80142
1.80002
1.79863
1.79723
1.79582
1.79441
1.793
1.79158
1.79016
1.78874
1.78731
1.78588
1.78444
1.783
1.78156
1.78012
1.77867
1.77721
1.77575
1.77429
1.77283
1.77136
1.76989
1.76841
1.76693
1.76545
1.76396
1.76247
1.76097
1.75948
1.75798
1.75647
1.75496
1.75345
1.75194
1.75042
1.74889
1.74737
1.74584
1.74431
1.74277
1.74123
1.73969
1.73814
1.73659
1.73504
1.73348
1.73192
1.73036
1.72879
1.72722
1.72565
1.72407
1.72249
1.72091
1.71932
1.71773
1.71614
1.71454
1.71294
1.71134
1.70973
1.70812
1.70651
1.70489
1.70327
1.70165
1.70003
1.6984
1.69677
1.69513
1.6935
1.69186
1.69021
1.68857
1.68692
1.68526
1.68361
1.68195
1.68029
1.67862
1.67696
1.67528
1.67361
1.67193
1.67026
1.66857
1.66689
1.6652
1.66351
1.66182
1.66012
1.65842
1.65672
1.65501
1.6533
1.65159
1.64988
1.64816
1.64645
1.64472
1.643
1.64127
1.63954
1.63781
1.63608
1.63434
1.6326
1.63086
1.62911
1.62736
1.62561
1.62386
1.6221
1.62034
1.61858
1.61682
1.61505
1.61328
1.61151
1.60974
1.60796
1.60619
1.6044
1.60262
1.60084
1.59905
1.59726
1.59546
1.59367
1.59187
1.59007
1.58827
1.58647
1.58466
1.58285
1.58104
1.57922
1.57741
1.57559
1.57377
1.57195
1.57012
1.5683
1.56647
1.56463
1.5628
1.56097
1.55913
1.55729
1.55545
1.5536
1.55176
1.54991
1.54806
1.54621
1.54435
1.5425
1.54064
1.53878
1.53691
1.53505
1.53318
1.53132
1.52945
1.52757
1.5257
1.52383
1.52195
1.52007
1.51819
1.5163
1.51442
1.51253
1.51064
1.50875
1.50686
1.50497
1.50307
1.50118
1.49928
1.49738
1.49547
1.49357
1.49166
1.48976
1.48785
1.48594
1.48403
1.48211
1.4802
1.47828
1.47636
1.47444
1.47252
1.4706
1.46867
1.46675
1.46482
1.46289
1.46096
1.45903
1.45709
1.45516
1.45322
1.45128
1.44934
1.4474
1.44546
1.44352
1.44157
1.43963
1.43768
1.43573
1.43378
1.43183
1.42988
1.42793
1.42597
1.42402
1.42206
1.4201
1.41814
1.41618
1.41422
1.41226
1.41029
1.40833
1.40636
1.40439
1.40242
1.40045
1.39848
1.39651
1.39454
1.39257
1.39059
1.38862
1.38664
1.38466
1.38268
1.3807
1.37872
1.37674
1.37476
1.37277
1.37079
1.36881
1.36682
1.36483
1.36285
1.36086
1.35887
1.35688
1.35489
1.3529
1.3509
1.34891
1.34692
1.34492
1.34293
1.34093
1.33893
1.33694
1.33494
1.33294
1.33094
1.32894
1.32694
1.32494
1.32294
1.32093
1.31893
1.31693
1.31492
1.31292
1.31091
1.30891
1.3069
1.3049
1.30289
1.30088
1.29887
1.29687
1.29486
1.29285
1.29084
1.28883
1.28682
1.28481
1.2828
1.28078
1.27877
1.27676
1.27475
1.27273
1.27072
1.26871
1.26669
1.26468
1.26267
1.26065
1.25864
1.25662
1.25461
1.25259
1.25058
1.24856
1.24655
1.24453
1.24252
1.2405
1.23848
1.23647
1.23445
1.23244
1.23042
1.2284
1.22639
1.22437
1.22235
1.22034
1.21832
1.2163
1.21429
1.21227
1.21026
1.20824
1.20622
1.20421
1.20219
1.20018
1.19816
1.19614
1.19413
1.19211
1.1901
1.18808
1.18607
1.18405
1.18204
1.18003
1.17801
1.176
1.17399
1.17197
1.16996
1.16795
1.16593
1.16392
1.16191
1.1599
1.15789
1.15588
1.15387
1.15186
1.14985
1.14784
1.14583
1.14382
1.14181
1.13981
1.1378
1.13579
1.13379
1.13178
1.12978
1.12777
1.12577
1.12376
1.12176
1.11976
1.11776
1.11575
1.11375
1.11175
1.10975
1.10775
1.10576
1.10376
1.10176
1.09976
1.09777
1.09577
1.09378
1.09178
1.08979
1.0878
1.08581
1.08381
1.08182
1.07983
1.07785
1.07586
1.07387
1.07188
1.0699
1.06791
1.06593
1.06394
1.06196
1.05998
1.058
1.05602
1.05404
1.05206
1.05008
1.04811
1.04613
1.04416
1.04218
1.04021
1.03824
1.03626
1.03429
1.03233
1.03036
1.02839
1.02642
1.02446
1.02249
1.02053
1.01857
1.01661
1.01465
1.01269
1.01073
1.00877
1.00682
1.00486
1.00291
1.00095
0.999002
0.997052
0.995102
0.993154
0.991207
0.989261
0.987316
0.985373
0.98343
0.981489
0.979549
0.97761
0.975672
0.973736
0.971801
0.969867
0.967934
0.966003
0.964072
0.962143
0.960216
0.958289
0.956364
0.954441
0.952518
0.950597
0.948677
0.946759
0.944841
0.942926
0.941011
0.939098
0.937186
0.935276
0.933367
0.93146
0.929553
0.927649
0.925745
0.923844
0.921943
0.920044
0.918146
0.91625
0.914356
0.912463
0.910571
0.908681
0.906792
0.904905
0.903019
0.901135
0.899252
0.897371
0.895492
0.893614
0.891737
0.889862
0.887989
0.886117
0.884247
0.882378
0.880511
0.878646
0.876782
0.87492
0.873059
0.8712
0.869343
0.867487
0.865633
0.863781
0.86193
0.860081
0.858234
0.856388
0.854544
0.852702
0.850861
0.849022
0.847185
0.84535
0.843516
0.841684
0.839854
0.838025
0.836199
0.834374
0.83255
0.830729
0.828909
0.827091
0.825275
0.823461
0.821648
0.819838
0.818029
0.816222
0.814417
0.812613
0.810812
0.809012
0.807214
0.805418
0.803624
0.801832
0.800041
0.798253
0.796466
0.794681
0.792898
0.791117
0.789338
0.787561
0.785786
0.784013
0.782241
0.780472
0.778705
0.776939
0.775175
0.773414
0.771654
0.769896
0.76814
0.766387
0.764635
0.762885
0.761137
0.759391
0.757648
0.755906
0.754166
0.752428
0.750692
0.748959
0.747227
0.745497
0.74377
0.742044
0.740321
0.738599
0.73688
0.735162
0.733447
0.731734
0.730023
0.728314
0.726607
0.724902
0.723199
0.721498
0.7198
0.718103
0.716409
0.714717
0.713027
0.711339
0.709653
0.707969
0.706288
0.704608
0.702931
0.701256
0.699583
0.697912
0.696243
0.694577
0.692912
0.69125
0.68959
0.687932
0.686277
0.684623
0.682972
0.681323
0.679677
0.678032
0.67639
0.674749
0.673111
0.671476
0.669842
0.668211
0.666582
0.664955
0.66333
0.661708
0.660088
0.65847
0.656854
0.655241
0.65363
0.652021
0.650415
0.64881
0.647208
0.645609
0.644011
0.642416
0.640823
0.639233
0.637644
0.636058
0.634474
0.632893
0.631314
0.629737
0.628163
0.62659
0.625021
0.623453
0.621888
0.620325
0.618764
0.617206
0.61565
0.614096
0.612545
0.610996
0.609449
0.607905
0.606363
0.604824
0.603286
0.601752
0.600219
0.598689
0.597161
0.595636
0.594113
0.592592
0.591074
0.589558
0.588044
0.586533
0.585024
0.583518
0.582013
0.580512
0.579012
0.577516
0.576021
0.574529
0.573039
0.571552
0.570067
0.568584
0.567104
0.565626
0.564151
0.562678
0.561208
0.559739
0.558274
0.556811
0.55535
0.553891
0.552435
0.550982
0.54953
0.548082
0.546635
0.545191
0.54375
0.542311
0.540874
0.53944
0.538008
0.536579
0.535152
0.533727
0.532305
0.530886
0.529469
0.528054
0.526642
0.525232
0.523825
0.52242
0.521017
0.519617
0.51822
0.516825
0.515432
0.514042
0.512654
0.511269
0.509886
0.508505
0.507127
0.505752
0.504379
0.503008
0.50164
0.500275
0.498911
0.497551
0.496192
0.494837
0.493483
0.492132
0.490784
0.489438
0.488095
0.486754
0.485415
0.484079
0.482745
0.481414
0.480086
0.478759
0.477436
0.476114
0.474796
0.473479
0.472165
0.470854
0.469545
0.468239
0.466935
0.465633
0.464334
0.463038
0.461744
0.460452
0.459163
0.457876
0.456592
0.455311
0.454031
0.452755
0.45148
0.450209
0.448939
0.447672
0.446408
0.445146
0.443887
0.44263
0.441375
0.440123
0.438873
0.437626
0.436382
0.43514
0.4339
0.432663
0.431428
0.430196
0.428966
0.427739
0.426514
0.425291
0.424071
0.422854
0.421639
0.420426
0.419216
0.418009
0.416803
0.415601
0.414401
0.413203
0.412007
0.410815
0.409624
0.408436
0.407251
0.406068
0.404887
0.403709
0.402533
0.40136
0.400189
0.399021
0.397855
0.396692
0.395531
0.394372
0.393216
0.392063
0.390912
0.389763
0.388617
0.387473
0.386331
0.385192
0.384056
0.382922
0.38179
0.380661
0.379534
0.37841
0.377288
0.376168
0.375051
0.373937
0.372824
0.371715
0.370607
0.369502
0.3684
0.3673
0.366202
0.365107
0.364014
0.362923
0.361835
0.36075
0.359667
0.358586
0.357507
0.356431
0.355358
0.354287
0.353218
0.352151
0.351087
0.350026
0.348967
0.34791
0.346855
0.345803
0.344754
0.343707
0.342662
0.341619
0.340579
0.339541
0.338506
0.337473
0.336442
0.335414
0.334388
0.333365
0.332344
0.331325
0.330309
0.329294
0.328283
0.327273
0.326266
0.325262
0.32426
0.32326
0.322262
0.321267
0.320274
0.319283
0.318295
0.317309
0.316326
0.315345
0.314366
0.313389
0.312415
0.311443
0.310474
0.309506
0.308541
0.307579
0.306618
0.30566
0.304705
0.303751
0.3028
0.301851
0.300905
0.299961
0.299019
0.298079
0.297142
0.296207
0.295274
0.294344
0.293416
0.29249
0.291566
0.290645
0.289726
0.288809
0.287895
0.286982
0.286072
0.285165
0.284259
0.283356
0.282455
0.281556
0.28066
0.279765
0.278873
0.277984
0.277096
0.276211
0.275328
0.274447
0.273568
0.272692
0.271818
0.270946
0.270076
0.269209
0.268343
0.26748
0.266619
0.265761
0.264904
0.26405
0.263198
0.262348
0.2615
0.260655
0.259812
0.25897
0.258131
0.257295
0.25646
0.255628
0.254797
0.253969
0.253143
0.252319
0.251498
0.250678
0.249861
0.249046
0.248233
0.247422
0.246613
0.245807
0.245002
0.2442
0.243399
0.242601
0.241805
0.241012
0.24022
0.23943
0.238643
0.237857
0.237074
0.236293
0.235514
0.234736
0.233962
0.233189
0.232418
0.231649
0.230883
0.230118
0.229356
0.228595
0.227837
0.227081
0.226327
0.225575
0.224824
0.224076
0.223331
0.222587
0.221845
0.221105
0.220367
0.219631
0.218898
0.218166
0.217436
0.216709
0.215983
0.215259
0.214538
0.213818
0.213101
0.212385
0.211671
0.21096
0.21025
0.209543
0.208837
0.208133
0.207432
0.206732
0.206034
0.205339
0.204645
0.203953
0.203263
0.202575
0.201889
0.201205
0.200523
0.199843
0.199165
0.198489
0.197815
0.197142
0.196472
0.195803
0.195137
0.194472
0.193809
0.193149
0.19249
0.191833
0.191177
0.190524
0.189873
0.189224
0.188576
0.18793
0.187287
0.186645
0.186005
0.185367
0.18473
0.184096
0.183463
0.182833
0.182204
0.181577
0.180952
0.180328
0.179707
0.179087
0.17847
0.177854
0.17724
0.176627
0.176017
0.175408
0.174801
0.174196
0.173593
0.172992
0.172392
0.171794
0.171198
0.170604
0.170012
0.169421
0.168832
0.168245
0.16766
0.167076
0.166494
0.165914
0.165336
0.16476
0.164185
0.163612
0.163041
0.162471
0.161903
0.161337
0.160773
0.16021
0.159649
0.15909
0.158533
0.157977
0.157423
0.156871
0.15632
0.155772
0.155224
0.154679
0.154135
0.153593
0.153053
0.152514
0.151977
0.151442
0.150908
0.150376
0.149845
0.149317
0.14879
0.148264
0.14774
0.147218
0.146698
0.146179
0.145662
0.145146
0.144632
0.14412
0.143609
0.1431
0.142593
0.142087
0.141583
0.14108
0.140579
0.14008
0.139582
0.139086
0.138591
0.138098
0.137607
0.137117
0.136628
0.136142
0.135656
0.135173
0.134691
0.13421
0.133731
0.133254
0.132778
0.132304
0.131831
0.13136
0.13089
0.130422
0.129955
0.12949
0.129026
0.128564
0.128103
0.127644
0.127187
0.126731
0.126276
0.125823
0.125371
0.124921
0.124473
0.124025
0.12358
0.123136
0.122693
0.122252
0.121812
0.121374
0.120937
0.120501
0.120067
0.119635
0.119204
0.118774
0.118346
0.117919
0.117494
0.11707
0.116647
0.116226
0.115806
0.115388
0.114971
0.114556
0.114142
0.113729
0.113318
0.112908
0.1125
0.112092
0.111687
0.111282
0.110879
0.110478
0.110078
0.109679
0.109281
0.108885
0.10849
0.108097
0.107705
0.107314
0.106925
0.106537
0.10615
0.105765
0.105381
0.104998
0.104617
0.104236
0.103858
0.10348
0.103104
0.102729
0.102356
0.101983
0.101612
0.101243
0.100874
0.100507
0.100142
0.099777
0.0994137
0.0990517
0.098691
0.0983315
0.0979734
0.0976164
0.0972607
0.0969063
0.0965531
0.0962012
0.0958505
0.0955011
0.0951528
0.0948058
0.0944601
0.0941156
0.0937723
0.0934302
0.0930893
0.0927496
0.0924112
0.0920739
0.0917379
0.0914031
0.0910694
0.090737
0.0904057
0.0900756
0.0897467
0.089419
0.0890925
0.0887671
0.088443
0.0881199
0.0877981
0.0874774
0.0871579
0.0868395
0.0865223
0.0862062
0.0858912
0.0855775
0.0852648
0.0849533
0.0846429
0.0843337
0.0840255
0.0837185
0.0834127
0.0831079
0.0828043
0.0825017
0.0822003
0.0819
0.0816008
0.0813026
0.0810056
0.0807097
0.0804148
0.0801211
0.0798284
0.0795368
0.0792463
0.0789569
0.0786685
0.0783812
0.078095
0.0778098
0.0775257
0.0772426
0.0769606
0.0766797
0.0763998
0.0761209
0.0758431
0.0755663
0.0752906
0.0750158
0.0747422
0.0744695
0.0741979
0.0739272
0.0736576
0.073389
0.0731215
0.0728549
0.0725893
0.0723248
0.0720612
0.0717986
0.0715371
0.0712765
0.0710169
0.0707583
0.0705007
0.070244
0.0699884
0.0697337
0.0694799
0.0692272
0.0689754
0.0687245
0.0684747
0.0682257
0.0679778
0.0677308
0.0674847
0.0672396
0.0669954
0.0667521
0.0665098
0.0662684
0.066028
0.0657885
0.0655499
0.0653122
0.0650754
0.0648396
0.0646047
0.0643707
0.0641375
0.0639053
0.063674
0.0634436
0.0632141
0.0629855
0.0627578
0.062531
0.062305
0.06208
0.0618558
0.0616325
0.06141
0.0611885
0.0609678
0.0607479
0.060529
0.0603109
0.0600936
0.0598772
0.0596617
0.059447
0.0592332
0.0590202
0.058808
0.0585967
0.0583863
0.0581766
0.0579678
0.0577598
0.0575527
0.0573463
0.0571408
0.0569361
0.0567323
0.0565292
0.056327
0.0561255
0.0559249
0.055725
0.055526
0.0553278
0.0551303
0.0549337
0.0547378
0.0545427
0.0543484
0.0541549
0.0539622
0.0537703
0.0535791
0.0533887
0.053199
0.0530102
0.0528221
0.0526347
0.0524482
0.0522623
0.0520773
0.0518929
0.0517094
0.0515266
0.0513445
0.0511631
0.0509825
0.0508027
0.0506236
0.0504452
0.0502675
0.0500906
0.0499144
0.0497389
0.0495641
0.0493901
0.0492167
0.0490441
0.0488722
0.048701
0.0485305
0.0483607
0.0481916
0.0480232
0.0478555
0.0476885
0.0475222
0.0473566
0.0471917
0.0470274
0.0468638
0.0467009
0.0465387
0.0463772
0.0462163
0.0460561
0.0458966
0.0457378
0.0455796
0.045422
0.0452651
0.0451089
0.0449534
0.0447985
0.0446442
0.0444906
0.0443376
0.0441853
0.0440336
0.0438826
0.0437322
0.0435824
0.0434333
0.0432848
0.0431369
0.0429896
0.042843
0.042697
0.0425516
0.0424068
0.0422627
0.0421191
0.0419762
0.0418339
0.0416921
0.041551
0.0414105
0.0412706
0.0411313
0.0409925
0.0408544
0.0407169
0.0405799
0.0404436
0.0403078
0.0401726
0.040038
0.0399039
0.0397705
0.0396376
0.0395053
0.0393735
0.0392424
0.0391118
0.0389817
0.0388522
0.0387233
0.038595
0.0384672
0.0383399
0.0382132
0.0380871
0.0379615
0.0378364
0.0377119
0.0375879
0.0374645
0.0373416
0.0372193
0.0370974
0.0369761
0.0368554
0.0367352
0.0366155
0.0364963
0.0363776
0.0362595
0.0361419
0.0360248
0.0359082
0.0357921
0.0356766
0.0355615
0.035447
0.035333
0.0352194
0.0351064
0.0349939
0.0348818
0.0347703
0.0346592
0.0345487
0.0344386
0.0343291
0.03422
0.0341114
0.0340033
0.0338956
0.0337885
0.0336818
0.0335756
0.0334699
0.0333646
0.0332598
0.0331555
0.0330517
0.0329483
0.0328454
0.0327429
0.0326409
0.0325394
0.0324383
0.0323377
0.0322375
0.0321378
0.0320385
0.0319397
0.0318413
0.0317434
0.0316459
0.0315488
0.0314522
0.031356
0.0312603
0.031165
0.0310701
0.0309757
0.0308817
0.0307881
0.0306949
0.0306022
0.0305099
0.030418
0.0303265
0.0302355
0.0301448
0.0300546
0.0299648
0.0298754
0.0297864
0.0296978
0.0296096
0.0295219
0.0294345
0.0293475
0.029261
0.0291748
0.029089
0.0290037
0.0289187
0.0288341
0.0287499
0.0286661
0.0285827
0.0284996
0.028417
0.0283347
0.0282528
0.0281713
0.0280902
0.0280094
0.0279291
0.0278491
0.0277694
0.0276902
0.0276113
0.0275328
0.0274546
0.0273768
0.0272994
0.0272223
0.0271456
0.0270693
0.0269933
0.0269177
0.0268424
0.0267675
0.0266929
0.0266187
0.0265448
0.0264713
0.0263981
0.0263253
0.0262528
0.0261807
0.0261088
0.0260374
0.0259663
0.0258955
0.025825
0.0257549
0.0256851
0.0256156
0.0255465
0.0254777
0.0254092
0.0253411
0.0252733
0.0252058
0.0251386
0.0250717
0.0250052
0.0249389
0.024873
0.0248074
0.0247422
0.0246772
0.0246125
0.0245482
0.0244842
0.0244204
0.024357
0.0242939
0.0242311
0.0241686
0.0241064
0.0240444
0.0239828
0.0239215
0.0238605
0.0237998
0.0237393
0.0236792
0.0236193
0.0235598
0.0235005
0.0234415
0.0233828
0.0233244
0.0232663
0.0232084
0.0231509
0.0230936
0.0230366
0.0229799
0.0229234
0.0228672
0.0228113
0.0227557
0.0227003
0.0226452
0.0225904
0.0225359
0.0224816
0.0224276
0.0223738
0.0223203
0.0222671
0.0222141
0.0221614
0.022109
0.0220568
0.0220049
0.0219532
0.0219018
0.0218506
0.0217997
0.021749
0.0216986
0.0216485
0.0215986
0.0215489
0.0214995
0.0214503
0.0214014
0.0213527
0.0213042
0.021256
0.0212081
0.0211603
0.0211128
0.0210656
0.0210186
0.0209718
0.0209252
0.0208789
0.0208328
0.020787
0.0207414
0.020696
0.0206508
0.0206059
0.0205611
0.0205166
0.0204724
0.0204283
0.0203845
0.0203409
0.0202975
0.0202543
0.0202114
0.0201687
0.0201261
0.0200838
0.0200418
0.0199999
0.0199582
0.0199168
0.0198755
0.0198345
0.0197937
0.019753
0.0197126
0.0196724
0.0196324
0.0195926
0.019553
0.0195136
0.0194744
0.0194354
0.0193966
0.019358
0.0193196
0.0192814
0.0192434
0.0192056
0.019168
0.0191305
0.0190933
0.0190563
0.0190194
0.0189827
0.0189463
0.01891
0.0188739
0.0188379
0.0188022
0.0187667
0.0187313
0.0186961
0.0186611
0.0186263
0.0185916
0.0185572
0.0185229
0.0184888
0.0184548
0.0184211
0.0183875
0.0183541
0.0183209
0.0182878
0.0182549
0.0182222
0.0181897
0.0181573
0.0181251
0.018093
0.0180611
0.0180294
0.0179979
0.0179665
0.0179353
0.0179043
0.0178734
0.0178426
0.0178121
0.0177817
0.0177514
0.0177213
0.0176914
0.0176616
0.017632
0.0176026
0.0175733
0.0175441
0.0175151
0.0174863
0.0174576
0.017429
0.0174006
0.0173724
0.0173443
0.0173164
0.0172886
0.0172609
0.0172334
0.0172061
0.0171789
0.0171518
0.0171249
0.0170981
0.0170715
0.017045
0.0170186
0.0169924
0.0169663
0.0169404
0.0169146
0.0168889
0.0168634
0.016838
0.0168128
0.0167877
0.0167627
0.0167378
0.0167131
0.0166885
0.0166641
0.0166398
0.0166156
0.0165915
0.0165676
0.0165438
0.0165201
0.0164966
0.0164732
0.0164499
0.0164267
0.0164037
0.0163808
0.016358
0.0163353
0.0163128
0.0162903
0.016268
0.0162459
0.0162238
0.0162019
0.01618
0.0161583
0.0161367
0.0161153
0.0160939
0.0160727
0.0160516
0.0160306
0.0160097
0.0159889
0.0159682
0.0159477
0.0159272
0.0159069
0.0158867
0.0158666
0.0158466
0.0158267
0.0158069
0.0157873
0.0157677
0.0157482
0.0157289
0.0157097
0.0156905
0.0156715
0.0156526
0.0156338
0.015615
0.0155964
0.0155779
0.0155595
0.0155412
0.015523
0.0155049
0.0154869
0.015469
0.0154512
0.0154335
0.0154159
0.0153984
0.0153809
0.0153636
0.0153464
0.0153293
0.0153122
0.0152953
0.0152785
0.0152617
0.0152451
0.0152285
0.015212
0.0151957
0.0151794
0.0151632
0.0151471
0.0151311
0.0151151
0.0150993
0.0150836
0.0150679
0.0150523
0.0150368
0.0150214
0.0150061
0.0149909
0.0149758
0.0149607
0.0149458
0.0149309
0.0149161
0.0149014
0.0148867
0.0148722
0.0148577
0.0148433
0.014829
0.0148148
0.0148006
0.0147866
0.0147726
0.0147587
0.0147449
0.0147311
0.0147174
0.0147038
0.0146903
0.0146769
0.0146635
0.0146502
0.014637
0.0146239
0.0146108
0.0145979
0.0145849
0.0145721
0.0145593
0.0145467
0.014534
0.0145215
0.014509
0.0144966
0.0144843
0.014472
0.0144598
0.0144477
0.0144356
0.0144237
0.0144118
0.0143999
0.0143881
0.0143764
0.0143648
0.0143532
0.0143417
0.0143303
0.0143189
0.0143076
0.0142963
0.0142851
0.014274
0.014263
0.014252
0.0142411
0.0142302
0.0142194
0.0142087
0.014198
0.0141874
0.0141768
0.0141664
0.0141559
0.0141456
0.0141353
0.014125
0.0141148
0.0141047
0.0140946
0.0140846
0.0140747
0.0140648
0.014055
0.0140452
0.0140355
0.0140258
0.0140162
0.0140066
0.0139972
0.0139877
0.0139783
0.013969
0.0139597
0.0139505
0.0139414
0.0139322
0.0139232
0.0139142
0.0139052
0.0138963
0.0138875
0.0138787
0.01387
0.0138613
0.0138526
0.013844
0.0138355
0.013827
0.0138186
0.0138102
0.0138019
0.0137936
0.0137854
0.0137772
0.013769
0.0137609
0.0137529
0.0137449
0.013737
0.0137291
0.0137212
0.0137134
0.0137056
0.0136979
0.0136903
0.0136826
0.0136751
0.0136675
0.01366
0.0136526
0.0136452
0.0136379
0.0136305
0.0136233
0.0136161
0.0136089
0.0136017
0.0135947
0.0135876
0.0135806
0.0135736
0.0135667
0.0135598
0.013553
0.0135462
0.0135394
0.0135327
0.0135261
0.0135194
0.0135128
0.0135063
0.0134998
0.0134933
0.0134868
0.0134804
0.0134741
0.0134678
0.0134615
0.0134552
0.013449
0.0134429
0.0134367
0.0134306
0.0134246
0.0134186
0.0134126
0.0134066
0.0134007
0.0133948
0.013389
0.0133832
0.0133774
0.0133717
0.013366
0.0133603
0.0133547
0.0133491
0.0133436
0.013338
0.0133326
0.0133271
0.0133217
0.0133163
0.0133109
0.0133056
0.0133003
0.013295
0.0132898
0.0132846
0.0132795
0.0132743
0.0132692
0.0132642
0.0132591
0.0132541
0.0132492
0.0132442
0.0132393
0.0132344
0.0132296
0.0132247
0.0132199
0.0132152
0.0132104
0.0132057
0.0132011
0.0131964
0.0131918
0.0131872
0.0131827
0.0131781
0.0131736
0.0131692
0.0131647
0.0131603
0.0131559
0.0131515
0.0131472
0.0131429
0.0131386
0.0131343
0.0131301
0.0131259
0.0131217
0.0131176
0.0131135
0.0131094
0.0131053
0.0131012
0.0130972
0.0130932
0.0130892
0.0130853
0.0130814
0.0130775
0.0130736
0.0130698
0.0130659
0.0130621
0.0130584
0.0130546
0.0130509
0.0130472
0.0130435
0.0130398
0.0130362
0.0130326
0.013029
0.0130254
0.0130219
0.0130184
0.0130149
0.0130114
0.0130079
0.0130045
0.0130011
0.0129977
0.0129943
0.012991
0.0129877
0.0129844
0.0129811
0.0129778
0.0129746
0.0129713
0.0129681
0.012965
0.0129618
0.0129587
0.0129555
0.0129524
0.0129494
0.0129463
0.0129433
0.0129402
0.0129372
0.0129343
0.0129313
0.0129284
0.0129254
0.0129225
0.0129196
0.0129168
0.0129139
0.0129111
0.0129083
0.0129055
0.0129027
0.0128999
0.0128972
0.0128945
0.0128918
0.0128891
0.0128864
0.0128838
0.0128811
0.0128785
0.0128759
0.0128733
0.0128707
0.0128682
0.0128656
0.0128631
0.0128606
0.0128581
0.0128557
0.0128532
0.0128508
0.0128484
0.0128459
0.0128436
0.0128412
0.0128388
0.0128365
0.0128341
0.0128318
0.0128295
0.0128272
0.012825
0.0128227
0.0128205
0.0128183
0.012816
0.0128138
0.0128117
0.0128095
0.0128073
0.0128052
0.0128031
0.012801
0.0127989
0.0127968
0.0127947
0.0127927
0.0127906
0.0127886
0.0127866
0.0127846
0.0127826
0.0127806
0.0127786
0.0127767
0.0127748
0.0127728
0.0127709
0.012769
0.0127671
0.0127653
0.0127634
0.0127615
0.0127597
0.0127579
0.0127561
0.0127543
0.0127525
0.0127507
0.0127489
0.0127472
0.0127454
0.0127437
0.012742
0.0127403
0.0127386
0.0127369
0.0127352
0.0127336
0.0127319
0.0127303
0.0127287
0.012727
0.0127254
0.0127238
0.0127222
0.0127207
0.0127191
0.0127176
0.012716
0.0127145
0.012713
0.0127114
0.0127099
0.0127084
0.012707
0.0127055
0.012704
0.0127026
0.0127011
0.0126997
0.0126983
0.0126969
0.0126955
0.0126941
0.0126927
0.0126913
0.0126899
0.0126886
0.0126872
0.0126859
0.0126846
0.0126832
0.0126819
0.0126806
0.0126793
0.012678
0.0126768
0.0126755
0.0126742
0.012673
0.0126717
0.0126705
0.0126693
0.0126681
0.0126669
0.0126657
0.0126645
0.0126633
0.0126621
0.0126609
0.0126598
0.0126586
0.0126575
0.0126563
0.0126552
0.0126541
0.012653
0.0126519
0.0126508
0.0126497
0.0126486
0.0126475
0.0126464
0.0126454
0.0126443
0.0126433
0.0126422
0.0126412
0.0126402
0.0126392
0.0126382
0.0126372
0.0126362
0.0126352
0.0126342
0.0126332
0.0126322
0.0126313
0.0126303
0.0126294
0.0126284
0.0126275
0.0126266
0.0126256
0.0126247
0.0126238
0.0126229
0.012622
0.0126211
0.0126202
0.0126193
0.0126185
0.0126176
0.0126167
0.0126159
0.012615
0.0126142
0.0126133
0.0126125
0.0126117
0.0126109
0.0126101
0.0126092
0.0126084
0.0126076
0.0126068
0.0126061
0.0126053
0.0126045
0.0126037
0.012603
0.0126022
0.0126015
0.0126007
0.0126
0.0125992
0.0125985
0.0125978
0.012597
0.0125963
0.0125956
0.0125949
0.0125942
0.0125935
0.0125928
0.0125921
0.0125914
0.0125908
0.0125901
0.0125894
0.0125887
0.0125881
0.0125874
0.0125868
0.0125861
0.0125855
0.0125849
0.0125842
0.0125836
0.012583
0.0125824
0.0125817
0.0125811
0.0125805
0.0125799
0.0125793
0.0125787
0.0125781
0.0125776
0.012577
0.0125764
0.0125758
0.0125753
0.0125747
0.0125741
0.0125736
0.012573
0.0125725
0.0125719
0.0125714
0.0125709
0.0125703
0.0125698
0.0125693
0.0125687
0.0125682
0.0125677
0.0125672
0.0125667
0.0125662
0.0125657
0.0125652
0.0125647
0.0125642
0.0125637
0.0125633
0.0125628
0.0125623
0.0125618
0.0125614
0.0125609
0.0125604
0.01256
0.0125595
0.0125591
0.0125586
0.0125582
0.0125577
0.0125573
0.0125569
0.0125564
0.012556
0.0125556
0.0125552
0.0125547
0.0125543
0.0125539
0.0125535
0.0125531
0.0125527
0.0125523
0.0125519
0.0125515
0.0125511
0.0125507
0.0125503
0.0125499
0.0125496
0.0125492
0.0125488
0.0125484
0.0125481
0.0125477
0.0125473
0.012547
0.0125466
0.0125462
0.0125459
0.0125455
0.0125452
0.0125448
0.0125445
0.0125441
0.0125438
0.0125435
0.0125431
0.0125428
0.0125425
0.0125421
0.0125418
0.0125415
0.0125412
0.0125409
0.0125405
0.0125402
0.0125399
0.0125396
0.0125393
0.012539
0.0125387
0.0125384
0.0125381
0.0125378
0.0125375
0.0125372
0.0125369
0.0125367
0.0125364
0.0125361
0.0125358
0.0125355
0.0125353
0.012535
0.0125347
0.0125344
0.0125342
0.0125339
0.0125336
0.0125334
0.0125331
0.0125329
0.0125326
0.0125324
0.0125321
0.0125318
0.0125316
0.0125314
0.0125311
0.0125309
0.0125306
0.0125304
0.0125301
0.0125299
0.0125297
0.0125294
0.0125292
0.012529
0.0125288
0.0125285
0.0125283
0.0125281
0.0125279
0.0125276
0.0125274
0.0125272
0.012527
0.0125268
0.0125266
0.0125264
0.0125262
0.012526
0.0125258
0.0125255
0.0125253
0.0125251
0.0125249
0.0125248
0.0125246
0.0125244
0.0125242
0.012524
0.0125238
0.0125236
0.0125234
0.0125232
0.012523
0.0125229
0.0125227
0.0125225
0.0125223
0.0125221
0.012522
0.0125218
0.0125216
0.0125215
0.0125213
0.0125211
0.0125209
0.0125208
0.0125206
0.0125205
0.0125203
0.0125201
0.01252
0.0125198
0.0125196
0.0125195
0.0125193
0.0125192
0.012519
0.0125189
0.0125187
0.0125186
0.0125184
0.0125183
0.0125181
0.012518
0.0125178
0.0125177
0.0125176
0.0125174
0.0125173
0.0125171
0.012517
0.0125169
0.0125167
0.0125166
0.0125165
0.0125163
0.0125162
0.0125161
0.0125159
0.0125158
0.0125157
0.0125156
0.0125154
0.0125153
0.0125152
0.0125151
0.0125149
0.0125148
0.0125147
0.0125146
0.0125145
0.0125144
0.0125142
0.0125141
0.012514
0.0125139
0.0125138
0.0125137
0.0125136
0.0125134
0.0125133
0.0125132
0.0125131
0.012513
0.0125129
0.0125128
0.0125127
0.0125126
0.0125125
0.0125124
0.0125123
0.0125122
0.0125121
0.012512
0.0125119
0.0125118
0.0125117
0.0125116
0.0125115
0.0125114
0.0125113
0.0125112
0.0125111
0.0125111
0.012511
0.0125109
0.0125108
0.0125107
0.0125106
0.0125105
0.0125104
0.0125104
0.0125103
0.0125102
0.0125101
0.01251
0.0125099
0.0125099
0.0125098
0.0125097
0.0125096
0.0125095
0.0125095
0.0125094
0.0125093
0.0125092
0.0125091
0.0125091
0.012509
0.0125089
0.0125088
0.0125088
0.0125087
0.0125086
0.0125086
0.0125085
0.0125084
0.0125084
0.0125083
0.0125082
0.0125081
0.0125081
0.012508
0.0125079
0.0125079
0.0125078
0.0125077
0.0125077
0.0125076
0.0125076
0.0125075
0.0125074
0.0125074
0.0125073
0.0125073
0.0125072
0.0125071
0.0125071
0.012507
0.012507
0.0125069
0.0125068
0.0125068
0.0125067
0.0125067
0.0125066
0.0125066
0.0125065
0.0125064
0.0125064
0.0125063
0.0125063
0.0125062
0.0125062
0.0125061
0.0125061
0.012506
0.012506
0.0125059
0.0125059
0.0125058
0.0125058
0.0125057
0.0125057
0.0125056
0.0125056
0.0125055
0.0125055
0.0125055
0.0125054
0.0125054
0.0125053
0.0125053
0.0125052
0.0125052
0.0125051
0.0125051
0.0125051
0.012505
0.012505
0.0125049
0.0125049
0.0125048
0.0125048
0.0125048
0.0125047
0.0125047
0.0125046
0.0125046
0.0125046
0.0125045
0.0125045
0.0125044
0.0125044
0.0125044
0.0125043
0.0125043
0.0125043
0.0125042
0.0125042
0.0125042
0.0125041
0.0125041
0.0125041
0.012504
0.012504
0.0125039
0.0125039
0.0125039
0.0125038
0.0125038
0.0125038
0.0125038
0.0125037
0.0125037
0.0125037
0.0125036
0.0125036
0.0125036
0.0125035
0.0125035
0.0125035
0.0125034
0.0125034
0.0125034
0.0125034
0.0125033
0.0125033
0.0125033
0.0125032
0.0125032
0.0125032
0.0125032
0.0125031
0.0125031
0.0125031
0.0125031
0.012503
0.012503
0.012503
0.0125029
0.0125029
0.0125029
0.0125029
0.0125028
0.0125028
0.0125028
0.0125028
0.0125028
0.0125027
0.0125027
0.0125027
0.0125027
0.0125026
0.0125026
0.0125026
0.0125026
0.0125025
0.0125025
0.0125025
0.0125025
0.0125025
0.0125024
0.0125024
0.0125024
0.0125024
0.0125024
0.0125023
0.0125023
0.0125023
0.0125023
0.0125023
0.0125022
0.0125022
0.0125022
0.0125022
0.0125022
0.0125021
0.0125021
0.0125021
0.0125021
0.0125021
0.012502
0.012502
0.012502
0.012502
0.012502
0.012502
0.0125019
0.0125019
0.0125019
0.0125019
0.0125019
0.0125019
0.0125018
0.0125018
0.0125018
0.0125018
0.0125018
0.0125018
0.0125017
0.0125017
0.0125017
0.0125017
0.0125017
0.0125017
0.0125017
0.0125016
0.0125016
0.0125016
0.0125016
0.0125016
0.0125016
0.0125016
0.0125015
0.0125015
0.0125015
0.0125015
0.0125015
0.0125015
0.0125015
0.0125015
0.0125014
0.0125014
0.0125014
0.0125014
0.0125014
0.0125014
0.0125014
0.0125014
0.0125013
0.0125013
0.0125013
0.0125013
0.0125013
0.0125013
0.0125013
0.0125013
0.0125012
0.0125012
0.0125012
0.0125012
0.0125012
0.0125012
0.0125012
0.0125012
0.0125012
0.0125012
0.0125011
0.0125011
0.0125011
0.0125011
0.0125011
0.0125011
0.0125011
0.0125011
0.0125011
0.0125011
0.012501
0.012501
0.012501
0.012501
0.012501
0.012501
0.012501
0.012501
0.012501
0.012501
0.012501
0.0125009
0.0125009
0.0125009
0.0125009
0.0125009
0.0125009
0.0125009
0.0125009
0.0125009
0.0125009
0.0125009
0.0125009
0.0125008
0.0125008
0.0125008
0.0125008
0.0125008
0.0125008
0.0125008
0.0125008
0.0125008
0.0125008
0.0125008
0.0125008
0.0125008
0.0125008
0.0125007
0.0125007
0.0125007
0.0125007
0.0125007
0.0125007
0.0125007
0.0125007
0.0125007
0.0125007
0.0125007
0.0125007
0.0125007
0.0125007
0.0125007
0.0125007
0.0125006
0.0125006
0.0125006
0.0125006
0.0125006
0.0125006
0.0125006
0.0125006
0.0125006
0.0125006
0.0125006
0.0125006
0.0125006
0.0125006
0.0125006
0.0125006
0.0125006
0.0125006
0.0125005
0.0125005
0.0125005
0.0125005
0.0125005
0.0125005
0.0125005
0.0125005
0.0125005
0.0125005
0.0125005
0.0125005
0.0125005
0.0125005
0.0125005
0.0125005
0.0125005
0.0125005
0.0125005
0.0125005
0.0125005
0.0125005
0.0125004
0.0125004
0.0125004
0.0125004
0.0125004
0.0125004
0.0125004
0.0125004
0.0125004
0.0125004
0.0125004
0.0125004
0.0125004
0.0125004
0.0125004
0.0125004
0.0125004
0.0125004
0.0125004
0.0125004
0.0125004
0.0125004
0.0125004
0.0125004
0.0125004
0.0125004
0.0125004
0.0125003
0.0125003
0.0125003
0.0125003
0.0125003
0.0125003
0.0125003
0.0125003
0.0125003
0.0125003
0.0125003
0.0125003
0.0125003
0.0125003
0.0125003
0.0125003
0.0125003
0.0125003
0.0125003
0.0125003
0.0125003
0.0125003
0.0125003
0.0125003
0.0125003
0.0125003
0.0125003
0.0125003
0.0125003
0.0125003
0.0125003
0.0125003
0.0125003
0.0125003
0.0125003
0.0125003
0.0125002
0.0125002
0.0125002
0.0125002
0.0125002
0.0125002
0.0125002
0.0125002
0.0125002
0.0125002
0.0125002
0.0125002
0.0125002
0.0125002
0.0125002
0.0125002
0.0125002
0.0125002
0.0125002
0.0125002
0.0125002
0.0125002
0.0125002
0.0125002
0.0125002
0.0125002
0.0125002
0.0125002
0.0125002
0.0125002
0.0125002
0.0125002
0.0125002
0.0125002
0.0125002
0.0125002
0.0125002
0.0125002
0.0125002
0.0125002
0.0125002
0.0125002
0.0125002
0.0125002
0.0125002
0.0125002
0.0125002
0.0125002
0.0125002
0.0125002
0.0125002
0.0125002
0.0125002
0.0125002
0.0125001
0.0125001
0.0125001
0.0125001
0.0125001
0.0125001
0.0125001
0.0125001
0.0125001
0.0125001
0.0125001
0.0125001
0.0125001
0.0125001
0.0125001
0.0125001
0.0125001
0.0125001
0.0125001
0.0125001
0.0125001
0.0125001
0.0125001
0.0125001
0.0125001
0.0125001
0.0125001
0.0125001
0.0125001
0.0125001
0.0125001
0.0125001
0.0125001
0.0125001
0.0125001
0.0125001
0.0125001
0.0125001
0.0125001
0.0125001
0.0125001
0.0125001
0.0125001
0.0125001
0.0125001
0.0125001
0.0125001
0.0125001
0.0125001
0.0125001
0.0125001
0.0125001
0.0125001
0.0125001
0.0125001
0.0125001
0.0125001
0.0125001
0.0125001
0.0125001
0.0125001
0.0125001
0.0125001
0.0125001
0.0125001
0.0125001
0.0125001
0.0125001
0.0125001
0.0125001
0.0125001
0.0125001
0.0125001
0.0125001
0.0125001
0.0125001
0.0125001
0.0125001
0.0125001
0.0125001
0.0125001
0.0125001
0.0125001
0.0125001
0.0125001
0.0125001
0.0125001
0.0125001
0.0125001
0.0125001
0.0125001
0.0125001
0.0125001
0.0125001
0.0125001
0.0125001
0.0125001
0.0125001
0.0125001
0.0125001
0.0125001
0.0125001
0.0125001
0.0125001
0.0125001
0.0125001
0.0125001
0.0125001
0.0125001
0.0125001
0.0125001
0.0125001
0.0125001
0.0125001
0.0125
0.0125
0.0125
0.0125
0.0125
0.0125
0.0125
0.0125
0.0125
0.0125
0.0125
0.0125
0.0125
0.0125
0.0125
0.0125
0.0125
0.0125
0.0125
0.0125
0.0125
0.0125
0.0125
0.0125
0.0125
0.0125
0.0125
0.0125
0.0125
0.0125
0.0125
0.0125
0.0125
0.0125
0.0125
0.0125
0.0125
0.0125
0.0125
0.0125
0.0125
0.0125
0.0125
0.0125
0.0125
0.0125
0.0125
0.0125
0.0125
0.0125
0.0125
0.0125
0.0125
0.0125
0.0125
0.0125
0.0125
0.0125
0.0125
0.0125
0.0125
0.0125
0.0125
0.0125
0.0125
0.0125
0.0125
0.0125
0.0125
0.0125
0.0125
0.0125
0.0125
0.0125
0.0125
0.0125
0.0125
0.0125
0.0125
0.0125
0.0125
0.0125
0.0125
0.0125
0.0125
0.0125
0.0125
0.0125
0.0125
0.0125
0.0125
0.0125
0.0125
0.0125
0.0125
0.0125
0.0125
0.0125
0.0125
0.0125
0.0125
0.0125
0.0125
0.0125
0.0125
0.0125
0.0125
0.0125
0.0125
0.0125
0.0125
0.0125
0.0125
0.0125
0.0125
0.0125
0.0125
0.0125
0.0125
0.0125
0.0125
0.0125
0.0125
0.0125
0.0125
0.0125
0.0125
0.0125
0.0125
0.0125
0.0125
0.0125
0.0125
0.0125
0.0125
0.0125
0.0125
0.0125
0.0125
0.0125
0.0125
0.0125
0.0125
0.0125
0.0125
0.0125
0.0125
0.0125
0.0125
0.0125
0.0125
0.0125
0.0125
0.0125
0.0125
0.0125
0.0125
0.0125
0.0125
0.0125
0.0125
0.0125
0.0125
0.0125
0.0125
0.0125
0.0125
0.0125
0.0125
0.0125
0.0125
0.0125
0.0125
0.0125
0.0125
0.0125
0.0125
0.0125
0.0125
0.0125
0.0125
0.0125
0.0125
0.0125
0.0125
0.0125
0.0125
0.0125
0.0125
0.0125
0.0125
0.0125
0.0125
0.0125
0.0125
0.0125
0.0125
0.0125
0.0125
0.0125
0.0125
0.0125
0.0125
0.0125
0.0125
0.0125
0.0125
0.0125
0.0125
0.0125
0.0125
0.0125
0.0125
0.0125
0.0125
0.0125
0.0125
0.0125
0.0125
0.0125
0.0125
0.0125
0.0125
0.0125
0.0125
0.0125
0.0125
0.0125
0.0125
0.0125
0.0125
0.0125
0.0125
0.0125
0.0125
0.0125
0.0125
0.0125
0.0125
0.0125
0.0125
0.0125
0.0125
0.0125
0.0125
0.0125
0.0125
0.0125
0.0125
0.0125
0.0125
0.0125
0.0125
0.0125
0.0125
0.0125
0.0125
0.0125
0.0125
0.0125
0.0125
0.0125
0.0125
0.0125
0.0125
0.0125
0.0125
0.0125
0.0125
0.0125
0.0125
0.0125
0.0125
0.0125
0.0125
0.0125
0.0125
0.0125
0.0125
0.0125
0.0125
0.0125
0.0125
0.0125
0.0125
0.0125
0.0125
0.0125
0.0125
0.0125
0.0125
0.0125
0.0125
0.0125
0.0125
0.0125
0.0125
0.0125
0.0125
0.0125
0.0125
0.0125
0.0125
0.0125
0.0125
0.0125
0.0125
0.0125
0.0125
0.0125
0.0125
0.0125
0.0125
0.0125
0.0125
0.0125
0.0125
0.0125
0.0125
0.0125
0.0125
0.0125
0.0125
0.0125
0.0125
0.0125
0.0125
0.0125
0.0125
0.0125
0.0125
0.0125
0.0125
0.0125
0.0125
0.0125
0.0125
0.0125
0.0125
0.0125
0.0125
0.0125
0.0125
0.0125
0.0125
0.0125
0.0125
0.0125
0.0125
0.0125
0.0125
0.0125
0.0125
0.0125
0.0125
0.0125
0.0125
0.0125
0.0125
0.0125
0.0125
0.0125
0.0125
0.0125
0.0125
0.0125
0.0125
0.0125
0.0125
0.0125
0.0125
0.0125
0.0125
0.0125
0.0125
0.0125
0.0125
0.0125
0.0125
0.0125
0.0125
0.0125
0.0125
0.0125
0.0125
0.0125
0.0125
0.0125
0.0125
0.0125
0.0125
0.0125
0.0125
0.0125
0.0125
0.0125
0.0125
0.0125
0.0125
0.0125
0.0125
0.0125
0.0125
0.0125
0.0125
0.0125
0.0125
0.0125
0.0125
0.0125
0.0125
0.0125
0.0125
0.0125
0.0125
0.0125
0.0125
0.0125
0.0125
0.0125
0.0125
0.0125
0.0125
0.0125
0.0125
0.0125
0.0125
0.0125
0.0125
0.0125
0.0125
0.0125
0.0125
0.0125
0.0125
0.0125
0.0125
0.0125
0.0125
0.0125
0.0125
0.0125
0.0125
0.0125
0.0125
0.0125
0.0125
0.0125
0.0125
0.0125
0.0125
0.0125
0.0125
0.0125
0.0125
0.0125
0.0125
0.0125
0.0125
0.0125
0.0125
0.0125
0.0125
0.0125
0.0125
0.0125
0.0125
0.0125
0.0125
0.0125
0.0125
0.0125
0.0125
0.0125
0.0125
0.0125
0.0125
0.0125
0.0125
0.0125
0.0125
0.0125
0.0125
0.0125
0.0125
0.0125
0.0125
0.0125
0.0125
0.0125
0.0125
0.0125
0.0125
0.0125
0.0125
0.0125
0.0125
0.0125
0.0125
0.0125
0.0125
0.0125
0.0125
0.0125
0.0125
0.0125
0.0125
0.0125
0.0125
0.0125
0.0125
0.0125
0.0125
0.0125
0.0125
0.0125
0.0125
0.0125
0.0125
0.0125
0.0125
0.0125
0.0125
0.0125
0.0125
0.0125
0.0125
0.0125
0.0125
0.0125
0.0125
0.0125
0.0125
0.0125
0.0125
0.0125
0.0125
0.0125
0.0125
0.0125
0.0125
0.0125
0.0125
0.0125
0.0125
0.0125
0.0125
0.0125
0.0125
0.0125
0.0125
0.0125
0.0125
0.0125
0.0125
0.0125
0.0125
0.0125
0.0125
0.0125
0.0125
0.0125
0.0125
0.0125
0.0125
0.0125
0.0125
0.0125
0.0125
0.0125
0.0125
0.0125
0.0125
0.0125
0.0125
0.0125
0.0125
0.0125
0.0125
0.0125
0.0125
0.0125
0.0125
0.0125
0.0125
0.0125
0.0125
0.0125
0.0125
0.0125
0.0125
0.0125
0.0125
0.0125
0.0125
0.0125
0.0125
0.0125
0.0125
0.0125
0.0125
0.0125
0.0125
0.0125
0.0125
0.0125
0.0125
0.0125
0.0125
0.0125
0.0125
0.0125
0.0125
0.0125
0.0125
0.0125
0.0125
0.0125
0.0125
0.0125
0.0125
0.0125
0.0125
0.0125
0.0125
0.0125
0.0125
0.0125
0.0125
0.0125
0.0125
0.0125
0.0125
0.0125
0.0125
0.0125
0.0125
0.0125
0.0125
0.0125
0.0125
0.0125
0.0125
0.0125
0.0125
0.0125
0.0125
0.0125
0.0125
0.0125
0.0125
0.0125
0.0125
0.0125
0.0125
0.0125
0.0125
0.0125
0.0125
0.0125
0.0125
0.0125
0.0125
0.0125
0.0125
0.0125
0.0125
0.0125
0.0125
0.0125
0.0125
0.0125
0.0125
0.0125
0.0125
0.0125
0.0125
0.0125
0.0125
0.0125
0.0125
0.0125
0.0125
0.0125
0.0125
0.0125
0.0125
0.0125
0.0125
0.0125
0.0125
0.0125
0.0125
0.0125
0.0125
0.0125
0.0125
0.0125
0.0125
0.0125
0.0125
0.0125
0.0125
0.0125
0.0125
0.0125
0.0125
0.0125
0.0125
0.0125
0.0125
0.0125
0.0125
0.0125
0.0125
0.0125
0.0125
0.0125
0.0125
0.0125
0.0125
0.0125
0.0125
0.0125
0.0125
0.0125
0.0125
0.0125
0.0125
0.0125
0.0125
0.0125
0.0125
0.0125
0.0125
0.0125
0.0125
0.0125
0.0125
0.0125
0.0125
0.0125
0.0125
0.0125
0.0125
0.0125
0.0125
0.0125
0.0125
0.0125
0.0125
0.0125
0.0125
0.0125
0.0125
0.0125
0.0125
0.0125
0.0125
0.0125
0.0125
0.0125
0.0125
0.0125
0.0125
0.0125
0.0125
0.0125
0.0125
0.0125
0.0125
0.0125
0.0125
0.0125
0.0125
0.0125
0.0125
0.0125
0.0125
0.0125
0.0125
0.0125
0.0125
0.0125
0.0125
0.0125
0.0125
0.0125
0.0125
0.0125
0.0125
0.0125
0.0125
0.0125
0.0125
0.0125
0.0125
0.0125
0.0125
0.0125
0.0125
0.0125
0.0125
0.0125
0.0125
0.0125
0.0125
0.0125
0.0125
0.0125
0.0125
0.0125
0.0125
0.0125
0.0125
0.0125
0.0125
0.0125
0.0125
0.0125
0.0125
0.0125
0.0125
0.0125
0.0125
0.0125
0.0125
0.0125
0.0125
0.0125
0.0125
0.0125
0.0125
0.0125
0.0125
0.0125
0.0125
0.0125
0.0125
0.0125
0.0125
0.0125
0.0125
0.0125
0.0125
0.0125
0.0125
0.0125
0.0125
0.5125
0.5125
0.5125
0.5125
0.5125
0.5125
0.5125
0.5125
0.5125
0.5125
0.5125
0.5125
0.5125
0.5125
0.5125
0.5125
0.5125
0.5125
0.5125
0.5125
0.5125
0.5125
0.5125
0.5125
0.5125
0.5125
0.5125
0.5125
0.5125
0.5125
0.5125
0.5125
0.5125
0.5125
0.5125
0.5125
0.5125
0.5125
0.5125
0.5125
0.5125
0.5125
0.5125
0.5125
0.5125
0.5125
0.5125
0.5125
0.5125
0.5125
0.5125
0.5125
0.5125
0.5125
0.5125
0.5125
0.5125
0.5125
0.5125
0.5125
0.5125
0.5125
0.5125
0.5125
0.5125
0.5125
0.5125
0.5125
0.5125
0.5125
0.5125
0.5125
0.5125
0.5125
0.5125
0.5125
0.5125
0.5125
0.5125
0.5125
0.5125
0.5125
0.5125
0.5125
0.5125
0.5125
0.5125
0.5125
0.5125
0.5125
0.5125
0.5125
0.5125
0.5125
0.5125
0.5125
0.5125
0.5125
0.5125
0.5125
